#time length dt bq #name: cOpt
7.2828000000e-08 1.00e-04 1.00e-12 1 #codeine: cOpt 1
9.1968000000e-08 1.00e-04 1.00e-12 1 #codeine: cOpt 1
1.0777300000e-07 1.00e-04 1.00e-12 1 #codeine: cOpt 1
7.7115000000e-08 1.00e-04 1.00e-12 1 #codeine: cOpt 1
9.6349000000e-08 1.00e-04 1.00e-12 1 #codeine: cOpt 1
1.2100300000e-07 1.00e-04 1.00e-12 1 #codeine: cOpt 1
1.0668300000e-07 1.00e-04 1.00e-12 1 #codeine: cOpt 1
7.0414000000e-08 1.00e-04 1.00e-12 1 #codeine: cOpt 1
2.2711700000e-07 1.00e-04 1.00e-12 1 #codeine: cOpt 1
2.1841400000e-07 1.00e-04 1.00e-12 1 #codeine: cOpt 1
2.7569600000e-07 1.00e-04 1.00e-12 1 #codeine: cOpt 1
2.3338300000e-07 1.00e-04 1.00e-12 1 #codeine: cOpt 1
2.9339500000e-07 1.00e-04 1.00e-12 1 #codeine: cOpt 1
2.8462200000e-07 1.00e-04 1.00e-12 1 #codeine: cOpt 1
2.9380000000e-07 1.00e-04 1.00e-12 1 #codeine: cOpt 1
3.2170600000e-07 1.00e-04 1.00e-12 1 #codeine: cOpt 1
2.8720300000e-07 1.00e-04 1.00e-12 1 #codeine: cOpt 1
3.9641600000e-07 1.00e-04 1.00e-12 1 #codeine: cOpt 1
3.7338000000e-07 1.00e-04 1.00e-12 1 #codeine: cOpt 1
4.9616600000e-07 1.00e-04 1.00e-12 1 #codeine: cOpt 1
3.5973200000e-07 1.00e-04 1.00e-12 1 #codeine: cOpt 1
3.2389900000e-07 1.00e-04 1.00e-12 1 #codeine: cOpt 1
4.7737000000e-07 1.00e-04 1.00e-12 1 #codeine: cOpt 1
5.7426300000e-07 1.00e-04 1.00e-12 1 #codeine: cOpt 1
1.6528800000e-07 1.00e-04 1.00e-12 1 #codeine: cOpt 1
5.7592100000e-07 1.00e-04 1.00e-12 1 #codeine: cOpt 1
5.5196600000e-07 1.00e-04 1.00e-12 1 #codeine: cOpt 1
2.3202600000e-07 1.00e-04 1.00e-12 1 #codeine: cOpt 1
6.4324900000e-07 1.00e-04 1.00e-12 1 #codeine: cOpt 1
5.8494300000e-07 1.00e-04 1.00e-12 1 #codeine: cOpt 1
3.6047400000e-07 1.00e-04 1.00e-12 1 #codeine: cOpt 1
7.1992000000e-07 1.00e-04 1.00e-12 1 #codeine: cOpt 1
6.2378000000e-07 1.00e-04 1.00e-12 1 #codeine: cOpt 1
3.9879400000e-07 1.00e-04 1.00e-12 1 #codeine: cOpt 1
6.6931300000e-07 1.00e-04 1.00e-12 1 #codeine: cOpt 1
7.2270900000e-07 1.00e-04 1.00e-12 1 #codeine: cOpt 1
6.5366000000e-07 1.00e-04 1.00e-12 1 #codeine: cOpt 1
3.3618900000e-07 1.00e-04 1.00e-12 1 #codeine: cOpt 1
7.9207700000e-07 1.00e-04 1.00e-12 1 #codeine: cOpt 1
2.6025800000e-07 1.00e-04 1.00e-12 1 #codeine: cOpt 1
2.4580900000e-07 1.00e-04 1.00e-12 1 #codeine: cOpt 1
2.3156200000e-07 1.00e-04 1.00e-12 1 #codeine: cOpt 1
8.5506400000e-07 1.00e-04 1.00e-12 1 #codeine: cOpt 1
8.8787900000e-07 1.00e-04 1.00e-12 1 #codeine: cOpt 1
8.6115300000e-07 1.00e-04 1.00e-12 1 #codeine: cOpt 1
8.7331800000e-07 1.00e-04 1.00e-12 1 #codeine: cOpt 1
1.0962000000e-07 1.00e-04 1.00e-12 1 #codeine: cOpt 1
1.2452600000e-07 1.00e-04 1.00e-12 1 #codeine: cOpt 1
2.0724300000e-07 1.00e-04 1.00e-12 1 #codeine: cOpt 1
2.8834700000e-07 1.00e-04 1.00e-12 1 #codeine: cOpt 1
3.2949300000e-07 1.00e-04 1.00e-12 1 #codeine: cOpt 1
4.0391500000e-07 1.00e-04 1.00e-12 1 #codeine: cOpt 1
1.0125760000e-06 1.00e-04 1.00e-12 1 #codeine: cOpt 1
5.3887000000e-08 1.00e-04 1.00e-12 1 #codeine: cOpt 1
5.9743900000e-07 1.00e-04 1.00e-12 1 #codeine: cOpt 1
2.5627000000e-07 1.00e-04 1.00e-12 1 #codeine: cOpt 1
4.5842700000e-07 1.00e-04 1.00e-12 1 #codeine: cOpt 1
3.4376300000e-07 1.00e-04 1.00e-12 1 #codeine: cOpt 1
1.1178380000e-06 1.00e-04 1.00e-12 1 #codeine: cOpt 1
3.7778500000e-07 1.00e-04 1.00e-12 1 #codeine: cOpt 1
1.9717800000e-07 1.00e-04 1.00e-12 1 #codeine: cOpt 1
6.0598100000e-07 1.00e-04 1.00e-12 1 #codeine: cOpt 1
2.7864400000e-07 1.00e-04 1.00e-12 1 #codeine: cOpt 1
1.2656840000e-06 1.00e-04 1.00e-12 1 #codeine: cOpt 1
1.1246240000e-06 1.00e-04 1.00e-12 1 #codeine: cOpt 1
9.9753200000e-07 1.00e-04 1.00e-12 1 #codeine: cOpt 1
7.8005000000e-07 1.00e-04 1.00e-12 1 #codeine: cOpt 1
7.8469900000e-07 1.00e-04 1.00e-12 1 #codeine: cOpt 1
1.6053080000e-06 1.00e-04 1.00e-12 1 #codeine: cOpt 1
1.5429280000e-06 1.00e-04 1.00e-12 1 #codeine: cOpt 1
4.9514800000e-07 1.00e-04 1.00e-12 1 #codeine: cOpt 1
7.0628100000e-07 1.00e-04 1.00e-12 1 #codeine: cOpt 1
6.8044200000e-07 1.00e-04 1.00e-12 1 #codeine: cOpt 1
4.0839800000e-07 1.00e-04 1.00e-12 1 #codeine: cOpt 1
8.8906000000e-07 1.00e-04 1.00e-12 1 #codeine: cOpt 1
4.0812300000e-07 1.00e-04 1.00e-12 1 #codeine: cOpt 1
7.9845700000e-07 1.00e-04 1.00e-12 1 #codeine: cOpt 1
1.6215440000e-06 1.00e-04 1.00e-12 1 #codeine: cOpt 1
1.5830100000e-06 1.00e-04 1.00e-12 1 #codeine: cOpt 1
1.1920990000e-06 1.00e-04 1.00e-12 1 #codeine: cOpt 1
1.6105290000e-06 1.00e-04 1.00e-12 1 #codeine: cOpt 1
8.1919800000e-07 1.00e-04 1.00e-12 1 #codeine: cOpt 1
8.7911100000e-07 1.00e-04 1.00e-12 1 #codeine: cOpt 1
1.9422400000e-07 1.00e-04 1.00e-12 1 #codeine: cOpt 1
2.5310260000e-06 1.00e-04 1.00e-12 1 #codeine: cOpt 1
1.4272180000e-06 1.00e-04 1.00e-12 1 #codeine: cOpt 1
2.4843810000e-06 1.00e-04 1.00e-12 1 #codeine: cOpt 1
1.6946390000e-06 1.00e-04 1.00e-12 1 #codeine: cOpt 1
2.6160740000e-06 1.00e-04 1.00e-12 1 #codeine: cOpt 1
2.3375780000e-06 1.00e-04 1.00e-12 1 #codeine: cOpt 1
2.2625060000e-06 1.00e-04 1.00e-12 1 #codeine: cOpt 1
2.4172860000e-06 1.00e-04 1.00e-12 1 #codeine: cOpt 1
3.3214230000e-06 1.00e-04 1.00e-12 1 #codeine: cOpt 1
2.6721040000e-06 1.00e-04 1.00e-12 1 #codeine: cOpt 1
2.8313260000e-06 1.00e-04 1.00e-12 1 #codeine: cOpt 1
3.1514020000e-06 1.00e-04 1.00e-12 1 #codeine: cOpt 1
3.6130020000e-06 1.00e-04 1.00e-12 1 #codeine: cOpt 1
3.9469740000e-06 1.00e-04 1.00e-12 1 #codeine: cOpt 1
4.7379660000e-06 1.00e-04 1.00e-12 1 #codeine: cOpt 1
5.5409220000e-06 1.00e-04 1.00e-12 1 #codeine: cOpt 1
3.5818000000e-08 1.00e-04 1.00e-12 1 #codeine: cOpt 1
8.1319000000e-08 1.00e-04 1.00e-12 1 #codeine: cOpt 1
1.1036900000e-07 1.00e-04 1.00e-12 1 #codeine: cOpt 1
1.2420000000e-07 1.00e-04 1.00e-12 1 #codeine: cOpt 1
2.1537000000e-07 1.00e-04 1.00e-12 1 #codeine: cOpt 1
1.8034600000e-07 1.00e-04 1.00e-12 1 #codeine: cOpt 1
1.8396200000e-07 1.00e-04 1.00e-12 1 #codeine: cOpt 1
1.8979500000e-07 1.00e-04 1.00e-12 1 #codeine: cOpt 1
1.3077600000e-07 1.00e-04 1.00e-12 1 #codeine: cOpt 1
2.0418600000e-07 1.00e-04 1.00e-12 1 #codeine: cOpt 1
2.5821300000e-07 1.00e-04 1.00e-12 1 #codeine: cOpt 1
2.6820900000e-07 1.00e-04 1.00e-12 1 #codeine: cOpt 1
1.5959600000e-07 1.00e-04 1.00e-12 1 #codeine: cOpt 1
3.1885400000e-07 1.00e-04 1.00e-12 1 #codeine: cOpt 1
3.2783500000e-07 1.00e-04 1.00e-12 1 #codeine: cOpt 1
5.2233600000e-07 1.00e-04 1.00e-12 1 #codeine: cOpt 1
4.1277500000e-07 1.00e-04 1.00e-12 1 #codeine: cOpt 1
7.0003000000e-07 1.00e-04 1.00e-12 1 #codeine: cOpt 1
7.8056600000e-07 1.00e-04 1.00e-12 1 #codeine: cOpt 1
3.3338900000e-07 1.00e-04 1.00e-12 1 #codeine: cOpt 1
7.6970100000e-07 1.00e-04 1.00e-12 1 #codeine: cOpt 1
7.3027800000e-07 1.00e-04 1.00e-12 1 #codeine: cOpt 1
7.2325300000e-07 1.00e-04 1.00e-12 1 #codeine: cOpt 1
2.6041800000e-07 1.00e-04 1.00e-12 1 #codeine: cOpt 1
2.1954800000e-07 1.00e-04 1.00e-12 1 #codeine: cOpt 1
8.4377100000e-07 1.00e-04 1.00e-12 1 #codeine: cOpt 1
8.3856800000e-07 1.00e-04 1.00e-12 1 #codeine: cOpt 1
8.7123400000e-07 1.00e-04 1.00e-12 1 #codeine: cOpt 1
3.3559000000e-08 1.00e-04 1.00e-12 1 #codeine: cOpt 1
7.8913900000e-07 1.00e-04 1.00e-12 1 #codeine: cOpt 1
3.6295300000e-07 1.00e-04 1.00e-12 1 #codeine: cOpt 1
9.2041200000e-07 1.00e-04 1.00e-12 1 #codeine: cOpt 1
3.1667300000e-07 1.00e-04 1.00e-12 1 #codeine: cOpt 1
9.0536900000e-07 1.00e-04 1.00e-12 1 #codeine: cOpt 1
9.4518600000e-07 1.00e-04 1.00e-12 1 #codeine: cOpt 1
1.0002430000e-06 1.00e-04 1.00e-12 1 #codeine: cOpt 1
1.0424310000e-06 1.00e-04 1.00e-12 1 #codeine: cOpt 1
3.4805800000e-07 1.00e-04 1.00e-12 1 #codeine: cOpt 1
1.0380940000e-06 1.00e-04 1.00e-12 1 #codeine: cOpt 1
1.0333200000e-07 1.00e-04 1.00e-12 1 #codeine: cOpt 1
3.1037300000e-07 1.00e-04 1.00e-12 1 #codeine: cOpt 1
3.6321200000e-07 1.00e-04 1.00e-12 1 #codeine: cOpt 1
3.3637800000e-07 1.00e-04 1.00e-12 1 #codeine: cOpt 1
1.8785200000e-07 1.00e-04 1.00e-12 1 #codeine: cOpt 1
1.8556600000e-07 1.00e-04 1.00e-12 1 #codeine: cOpt 1
1.1975970000e-06 1.00e-04 1.00e-12 1 #codeine: cOpt 1
2.9189500000e-07 1.00e-04 1.00e-12 1 #codeine: cOpt 1
1.2825110000e-06 1.00e-04 1.00e-12 1 #codeine: cOpt 1
4.3461000000e-08 1.00e-04 1.00e-12 1 #codeine: cOpt 1
4.7326100000e-07 1.00e-04 1.00e-12 1 #codeine: cOpt 1
1.0805790000e-06 1.00e-04 1.00e-12 1 #codeine: cOpt 1
3.5398300000e-07 1.00e-04 1.00e-12 1 #codeine: cOpt 1
1.1993790000e-06 1.00e-04 1.00e-12 1 #codeine: cOpt 1
3.2935000000e-08 1.00e-04 1.00e-12 1 #codeine: cOpt 1
6.5670300000e-07 1.00e-04 1.00e-12 1 #codeine: cOpt 1
1.4881250000e-06 1.00e-04 1.00e-12 1 #codeine: cOpt 1
1.3941450000e-06 1.00e-04 1.00e-12 1 #codeine: cOpt 1
1.4731540000e-06 1.00e-04 1.00e-12 1 #codeine: cOpt 1
8.1628500000e-07 1.00e-04 1.00e-12 1 #codeine: cOpt 1
1.5541200000e-06 1.00e-04 1.00e-12 1 #codeine: cOpt 1
6.0309900000e-07 1.00e-04 1.00e-12 1 #codeine: cOpt 1
1.7560990000e-06 1.00e-04 1.00e-12 1 #codeine: cOpt 1
4.5594300000e-07 1.00e-04 1.00e-12 1 #codeine: cOpt 1
1.1841020000e-06 1.00e-04 1.00e-12 1 #codeine: cOpt 1
1.7738110000e-06 1.00e-04 1.00e-12 1 #codeine: cOpt 1
2.5799200000e-07 1.00e-04 1.00e-12 1 #codeine: cOpt 1
6.1940200000e-07 1.00e-04 1.00e-12 1 #codeine: cOpt 1
8.9400700000e-07 1.00e-04 1.00e-12 1 #codeine: cOpt 1
5.0439300000e-07 1.00e-04 1.00e-12 1 #codeine: cOpt 1
5.8652000000e-07 1.00e-04 1.00e-12 1 #codeine: cOpt 1
2.9442200000e-07 1.00e-04 1.00e-12 1 #codeine: cOpt 1
4.7436200000e-07 1.00e-04 1.00e-12 1 #codeine: cOpt 1
8.3213400000e-07 1.00e-04 1.00e-12 1 #codeine: cOpt 1
2.6731500000e-07 1.00e-04 1.00e-12 1 #codeine: cOpt 1
3.9898700000e-07 1.00e-04 1.00e-12 1 #codeine: cOpt 1
1.1712500000e-07 1.00e-04 1.00e-12 1 #codeine: cOpt 1
7.3796000000e-07 1.00e-04 1.00e-12 1 #codeine: cOpt 1
1.5152950000e-06 1.00e-04 1.00e-12 1 #codeine: cOpt 1
7.9823900000e-07 1.00e-04 1.00e-12 1 #codeine: cOpt 1
2.0697290000e-06 1.00e-04 1.00e-12 1 #codeine: cOpt 1
5.2238700000e-07 1.00e-04 1.00e-12 1 #codeine: cOpt 1
2.3421700000e-07 1.00e-04 1.00e-12 1 #codeine: cOpt 1
3.9526600000e-07 1.00e-04 1.00e-12 1 #codeine: cOpt 1
6.6421300000e-07 1.00e-04 1.00e-12 1 #codeine: cOpt 1
6.6681700000e-07 1.00e-04 1.00e-12 1 #codeine: cOpt 1
1.1526860000e-06 1.00e-04 1.00e-12 1 #codeine: cOpt 1
4.6076300000e-07 1.00e-04 1.00e-12 1 #codeine: cOpt 1
1.4268330000e-06 1.00e-04 1.00e-12 1 #codeine: cOpt 1
1.6479400000e-07 1.00e-04 1.00e-12 1 #codeine: cOpt 1
2.1397010000e-06 1.00e-04 1.00e-12 1 #codeine: cOpt 1
5.0506900000e-07 1.00e-04 1.00e-12 1 #codeine: cOpt 1
1.3550770000e-06 1.00e-04 1.00e-12 1 #codeine: cOpt 1
9.2951400000e-07 1.00e-04 1.00e-12 1 #codeine: cOpt 1
1.4981400000e-07 1.00e-04 1.00e-12 1 #codeine: cOpt 1
1.0842400000e-07 1.00e-04 1.00e-12 1 #codeine: cOpt 1
1.6662800000e-06 1.00e-04 1.00e-12 1 #codeine: cOpt 1
5.4925800000e-07 1.00e-04 1.00e-12 1 #codeine: cOpt 1
2.5282680000e-06 1.00e-04 1.00e-12 1 #codeine: cOpt 1
1.3803520000e-06 1.00e-04 1.00e-12 1 #codeine: cOpt 1
2.3720620000e-06 1.00e-04 1.00e-12 1 #codeine: cOpt 1
1.0999800000e-06 1.00e-04 1.00e-12 1 #codeine: cOpt 1
2.5934300000e-07 1.00e-04 1.00e-12 1 #codeine: cOpt 1
5.1077400000e-07 1.00e-04 1.00e-12 1 #codeine: cOpt 1
5.6213500000e-07 1.00e-04 1.00e-12 1 #codeine: cOpt 1
2.3511440000e-06 1.00e-04 1.00e-12 1 #codeine: cOpt 1
1.3278900000e-07 1.00e-04 1.00e-12 1 #codeine: cOpt 1
2.4283770000e-06 1.00e-04 1.00e-12 1 #codeine: cOpt 1
8.7781000000e-07 1.00e-04 1.00e-12 1 #codeine: cOpt 1
7.8979100000e-07 1.00e-04 1.00e-12 1 #codeine: cOpt 1
8.1435200000e-07 1.00e-04 1.00e-12 1 #codeine: cOpt 1
4.4095900000e-07 1.00e-04 1.00e-12 1 #codeine: cOpt 1
5.4594000000e-08 1.00e-04 1.00e-12 1 #codeine: cOpt 1
2.1578900000e-07 1.00e-04 1.00e-12 1 #codeine: cOpt 1
2.4534860000e-06 1.00e-04 1.00e-12 1 #codeine: cOpt 1
2.4921540000e-06 1.00e-04 1.00e-12 1 #codeine: cOpt 1
1.2866080000e-06 1.00e-04 1.00e-12 1 #codeine: cOpt 1
1.5174470000e-06 1.00e-04 1.00e-12 1 #codeine: cOpt 1
7.4288000000e-08 1.00e-04 1.00e-12 1 #codeine: cOpt 1
2.6930300000e-06 1.00e-04 1.00e-12 1 #codeine: cOpt 1
2.6700980000e-06 1.00e-04 1.00e-12 1 #codeine: cOpt 1
5.2318500000e-07 1.00e-04 1.00e-12 1 #codeine: cOpt 1
1.0244110000e-06 1.00e-04 1.00e-12 1 #codeine: cOpt 1
2.0147490000e-06 1.00e-04 1.00e-12 1 #codeine: cOpt 1
4.2467300000e-07 1.00e-04 1.00e-12 1 #codeine: cOpt 1
5.9306800000e-07 1.00e-04 1.00e-12 1 #codeine: cOpt 1
3.5787500000e-07 1.00e-04 1.00e-12 1 #codeine: cOpt 1
3.1896610000e-06 1.00e-04 1.00e-12 1 #codeine: cOpt 1
3.6424100000e-07 1.00e-04 1.00e-12 1 #codeine: cOpt 1
6.3449800000e-07 1.00e-04 1.00e-12 1 #codeine: cOpt 1
2.2456500000e-07 1.00e-04 1.00e-12 1 #codeine: cOpt 1
5.9499000000e-07 1.00e-04 1.00e-12 1 #codeine: cOpt 1
1.8006600000e-07 1.00e-04 1.00e-12 1 #codeine: cOpt 1
4.6734200000e-07 1.00e-04 1.00e-12 1 #codeine: cOpt 1
1.4134770000e-06 1.00e-04 1.00e-12 1 #codeine: cOpt 1
1.7795560000e-06 1.00e-04 1.00e-12 1 #codeine: cOpt 1
8.5993700000e-07 1.00e-04 1.00e-12 1 #codeine: cOpt 1
6.9385500000e-07 1.00e-04 1.00e-12 1 #codeine: cOpt 1
9.3699800000e-07 1.00e-04 1.00e-12 1 #codeine: cOpt 1
1.0581500000e-06 1.00e-04 1.00e-12 1 #codeine: cOpt 1
1.4899200000e-07 1.00e-04 1.00e-12 1 #codeine: cOpt 1
1.1458390000e-06 1.00e-04 1.00e-12 1 #codeine: cOpt 1
5.6082600000e-07 1.00e-04 1.00e-12 1 #codeine: cOpt 1
1.1154700000e-07 1.00e-04 1.00e-12 1 #codeine: cOpt 1
4.0719500000e-07 1.00e-04 1.00e-12 1 #codeine: cOpt 1
3.3692800000e-07 1.00e-04 1.00e-12 1 #codeine: cOpt 1
2.9913800000e-07 1.00e-04 1.00e-12 1 #codeine: cOpt 1
2.2067500000e-07 1.00e-04 1.00e-12 1 #codeine: cOpt 1
2.1767940000e-06 1.00e-04 1.00e-12 1 #codeine: cOpt 1
4.2427800000e-07 1.00e-04 1.00e-12 1 #codeine: cOpt 1
1.1352610000e-06 1.00e-04 1.00e-12 1 #codeine: cOpt 1
3.9999200000e-07 1.00e-04 1.00e-12 1 #codeine: cOpt 1
3.3643500000e-07 1.00e-04 1.00e-12 1 #codeine: cOpt 1
1.2311810000e-06 1.00e-04 1.00e-12 1 #codeine: cOpt 1
5.9878700000e-07 1.00e-04 1.00e-12 1 #codeine: cOpt 1
7.5351900000e-07 1.00e-04 1.00e-12 1 #codeine: cOpt 1
3.7662600000e-07 1.00e-04 1.00e-12 1 #codeine: cOpt 1
1.3079700000e-07 1.00e-04 1.00e-12 1 #codeine: cOpt 1
1.1307180000e-06 1.00e-04 1.00e-12 1 #codeine: cOpt 1
7.1185000000e-08 1.00e-04 1.00e-12 1 #codeine: cOpt 1
6.9365000000e-07 1.00e-04 1.00e-12 1 #codeine: cOpt 1
3.2421400000e-07 1.00e-04 1.00e-12 1 #codeine: cOpt 1
1.9038400000e-07 1.00e-04 1.00e-12 1 #codeine: cOpt 1
1.5610060000e-06 1.00e-04 1.00e-12 1 #codeine: cOpt 1
4.1919600000e-07 1.00e-04 1.00e-12 1 #codeine: cOpt 1
1.4227600000e-07 1.00e-04 1.00e-12 1 #codeine: cOpt 1
1.5356000000e-07 1.00e-04 1.00e-12 1 #codeine: cOpt 1
1.0012850000e-06 1.00e-04 1.00e-12 1 #codeine: cOpt 1
4.0562600000e-07 1.00e-04 1.00e-12 1 #codeine: cOpt 1
2.7318600000e-07 1.00e-04 1.00e-12 1 #codeine: cOpt 1
1.8572860000e-06 1.00e-04 1.00e-12 1 #codeine: cOpt 1
1.1552040000e-06 1.00e-04 1.00e-12 1 #codeine: cOpt 1
6.1657500000e-07 1.00e-04 1.00e-12 1 #codeine: cOpt 1
2.4251370000e-06 1.00e-04 1.00e-12 1 #codeine: cOpt 1
6.9541400000e-07 1.00e-04 1.00e-12 1 #codeine: cOpt 1
4.6342400000e-07 1.00e-04 1.00e-12 1 #codeine: cOpt 1
7.1649900000e-07 1.00e-04 1.00e-12 1 #codeine: cOpt 1
6.0144000000e-08 1.00e-04 1.00e-12 1 #codeine: cOpt 1
1.4204390000e-06 1.00e-04 1.00e-12 1 #codeine: cOpt 1
1.0500860000e-06 1.00e-04 1.00e-12 1 #codeine: cOpt 1
2.6240390000e-06 1.00e-04 1.00e-12 1 #codeine: cOpt 1
1.8782010000e-06 1.00e-04 1.00e-12 1 #codeine: cOpt 1
1.0059300000e-07 1.00e-04 1.00e-12 1 #codeine: cOpt 1
3.5223000000e-07 1.00e-04 1.00e-12 1 #codeine: cOpt 1
1.6237900000e-07 1.00e-04 1.00e-12 1 #codeine: cOpt 1
7.1143000000e-08 1.00e-04 1.00e-12 1 #codeine: cOpt 1
1.6797810000e-06 1.00e-04 1.00e-12 1 #codeine: cOpt 1
1.2647700000e-07 1.00e-04 1.00e-12 1 #codeine: cOpt 1
1.4905980000e-06 1.00e-04 1.00e-12 1 #codeine: cOpt 1
9.4264700000e-07 1.00e-04 1.00e-12 1 #codeine: cOpt 1
1.4810100000e-07 1.00e-04 1.00e-12 1 #codeine: cOpt 1
1.0134800000e-06 1.00e-04 1.00e-12 1 #codeine: cOpt 1
6.2207000000e-07 1.00e-04 1.00e-12 1 #codeine: cOpt 1
1.0366610000e-06 1.00e-04 1.00e-12 1 #codeine: cOpt 1
2.2511330000e-06 1.00e-04 1.00e-12 1 #codeine: cOpt 1
2.2510200000e-07 1.00e-04 1.00e-12 1 #codeine: cOpt 1
2.8591960000e-06 1.00e-04 1.00e-12 1 #codeine: cOpt 1
2.8271660000e-06 1.00e-04 1.00e-12 1 #codeine: cOpt 1
1.3105980000e-06 1.00e-04 1.00e-12 1 #codeine: cOpt 1
3.4294000000e-07 1.00e-04 1.00e-12 1 #codeine: cOpt 1
1.4553570000e-06 1.00e-04 1.00e-12 1 #codeine: cOpt 1
1.5859200000e-07 1.00e-04 1.00e-12 1 #codeine: cOpt 1
1.8857940000e-06 1.00e-04 1.00e-12 1 #codeine: cOpt 1
1.1398340000e-06 1.00e-04 1.00e-12 1 #codeine: cOpt 1
1.2719060000e-06 1.00e-04 1.00e-12 1 #codeine: cOpt 1
9.9062000000e-08 1.00e-04 1.00e-12 1 #codeine: cOpt 1
6.8846900000e-07 1.00e-04 1.00e-12 1 #codeine: cOpt 1
5.0259300000e-07 1.00e-04 1.00e-12 1 #codeine: cOpt 1
2.5807400000e-07 1.00e-04 1.00e-12 1 #codeine: cOpt 1
6.6329000000e-07 1.00e-04 1.00e-12 1 #codeine: cOpt 1
3.2620000000e-07 1.00e-04 1.00e-12 1 #codeine: cOpt 1
4.8070000000e-08 1.00e-04 1.00e-12 1 #codeine: cOpt 1
5.1693400000e-07 1.00e-04 1.00e-12 1 #codeine: cOpt 1
2.6120760000e-06 1.00e-04 1.00e-12 1 #codeine: cOpt 1
6.5924800000e-07 1.00e-04 1.00e-12 1 #codeine: cOpt 1
2.0275730000e-06 1.00e-04 1.00e-12 1 #codeine: cOpt 1
5.0522000000e-08 1.00e-04 1.00e-12 1 #codeine: cOpt 1
1.4622890000e-06 1.00e-04 1.00e-12 1 #codeine: cOpt 1
9.8597400000e-07 1.00e-04 1.00e-12 1 #codeine: cOpt 1
9.2038700000e-07 1.00e-04 1.00e-12 1 #codeine: cOpt 1
4.8879900000e-07 1.00e-04 1.00e-12 1 #codeine: cOpt 1
1.6250670000e-06 1.00e-04 1.00e-12 1 #codeine: cOpt 1
4.9961600000e-07 1.00e-04 1.00e-12 1 #codeine: cOpt 1
1.8874450000e-06 1.00e-04 1.00e-12 1 #codeine: cOpt 1
2.7082900000e-07 1.00e-04 1.00e-12 1 #codeine: cOpt 1
5.8279000000e-07 1.00e-04 1.00e-12 1 #codeine: cOpt 1
4.1650300000e-07 1.00e-04 1.00e-12 1 #codeine: cOpt 1
4.9900900000e-07 1.00e-04 1.00e-12 1 #codeine: cOpt 1
2.7512300000e-07 1.00e-04 1.00e-12 1 #codeine: cOpt 1
3.5678400000e-07 1.00e-04 1.00e-12 1 #codeine: cOpt 1
3.3303040000e-06 1.00e-04 1.00e-12 1 #codeine: cOpt 1
5.1678100000e-07 1.00e-04 1.00e-12 1 #codeine: cOpt 1
3.0725170000e-06 1.00e-04 1.00e-12 1 #codeine: cOpt 1
1.6249180000e-06 1.00e-04 1.00e-12 1 #codeine: cOpt 1
9.0376100000e-07 1.00e-04 1.00e-12 1 #codeine: cOpt 1
7.3602500000e-07 1.00e-04 1.00e-12 1 #codeine: cOpt 1
2.5538300000e-07 1.00e-04 1.00e-12 1 #codeine: cOpt 1
5.2572100000e-07 1.00e-04 1.00e-12 1 #codeine: cOpt 1
1.6077300000e-06 1.00e-04 1.00e-12 1 #codeine: cOpt 1
5.2160870000e-06 1.00e-04 1.00e-12 1 #codeine: cOpt 1
1.7796540000e-06 1.00e-04 1.00e-12 1 #codeine: cOpt 1
3.3891300000e-07 1.00e-04 1.00e-12 1 #codeine: cOpt 1
1.8767760000e-06 1.00e-04 1.00e-12 1 #codeine: cOpt 1
1.1539220000e-06 1.00e-04 1.00e-12 1 #codeine: cOpt 1
6.5619700000e-07 1.00e-04 1.00e-12 1 #codeine: cOpt 1
6.0642700000e-07 1.00e-04 1.00e-12 1 #codeine: cOpt 1
1.0929560000e-06 1.00e-04 1.00e-12 1 #codeine: cOpt 1
4.5496800000e-07 1.00e-04 1.00e-12 1 #codeine: cOpt 1
4.9760900000e-07 1.00e-04 1.00e-12 1 #codeine: cOpt 1
3.3708380000e-06 1.00e-04 1.00e-12 1 #codeine: cOpt 1
1.1512060000e-06 1.00e-04 1.00e-12 1 #codeine: cOpt 1
6.1101900000e-07 1.00e-04 1.00e-12 1 #codeine: cOpt 1
7.4185100000e-07 1.00e-04 1.00e-12 1 #codeine: cOpt 1
7.6548500000e-07 1.00e-04 1.00e-12 1 #codeine: cOpt 1
1.0013520000e-06 1.00e-04 1.00e-12 1 #codeine: cOpt 1
4.0975800000e-07 1.00e-04 1.00e-12 1 #codeine: cOpt 1
3.5430100000e-07 1.00e-04 1.00e-12 1 #codeine: cOpt 1
4.6012000000e-07 1.00e-04 1.00e-12 1 #codeine: cOpt 1
9.4181400000e-07 1.00e-04 1.00e-12 1 #codeine: cOpt 1
2.5801540000e-06 1.00e-04 1.00e-12 1 #codeine: cOpt 1
4.1866200000e-07 1.00e-04 1.00e-12 1 #codeine: cOpt 1
4.6888200000e-07 1.00e-04 1.00e-12 1 #codeine: cOpt 1
9.8669400000e-07 1.00e-04 1.00e-12 1 #codeine: cOpt 1
3.4327330000e-06 1.00e-04 1.00e-12 1 #codeine: cOpt 1
1.1522000000e-07 1.00e-04 1.00e-12 1 #codeine: cOpt 1
1.0131070000e-06 1.00e-04 1.00e-12 1 #codeine: cOpt 1
7.7708500000e-07 1.00e-04 1.00e-12 1 #codeine: cOpt 1
3.6430260000e-06 1.00e-04 1.00e-12 1 #codeine: cOpt 1
2.8736300000e-07 1.00e-04 1.00e-12 1 #codeine: cOpt 1
1.2442080000e-06 1.00e-04 1.00e-12 1 #codeine: cOpt 1
5.3953100000e-07 1.00e-04 1.00e-12 1 #codeine: cOpt 1
1.3905160000e-06 1.00e-04 1.00e-12 1 #codeine: cOpt 1
1.4965210000e-06 1.00e-04 1.00e-12 1 #codeine: cOpt 1
7.4903500000e-07 1.00e-04 1.00e-12 1 #codeine: cOpt 1
8.9212000000e-08 1.00e-04 1.00e-12 1 #codeine: cOpt 1
1.0685320000e-06 1.00e-04 1.00e-12 1 #codeine: cOpt 1
1.2420410000e-06 1.00e-04 1.00e-12 1 #codeine: cOpt 1
8.7499700000e-07 1.00e-04 1.00e-12 1 #codeine: cOpt 1
3.0658000000e-07 1.00e-04 1.00e-12 1 #codeine: cOpt 1
4.1664300000e-07 1.00e-04 1.00e-12 1 #codeine: cOpt 1
1.2424400000e-07 1.00e-04 1.00e-12 1 #codeine: cOpt 1
1.1724290000e-06 1.00e-04 1.00e-12 1 #codeine: cOpt 1
9.9491000000e-08 1.00e-04 1.00e-12 1 #codeine: cOpt 1
8.1928000000e-08 1.00e-04 1.00e-12 1 #codeine: cOpt 1
2.7282300000e-06 1.00e-04 1.00e-12 1 #codeine: cOpt 1
2.4488300000e-07 1.00e-04 1.00e-12 1 #codeine: cOpt 1
4.2795880000e-06 1.00e-04 1.00e-12 1 #codeine: cOpt 1
7.4358700000e-07 1.00e-04 1.00e-12 1 #codeine: cOpt 1
1.6132710000e-06 1.00e-04 1.00e-12 1 #codeine: cOpt 1
1.3753520000e-06 1.00e-04 1.00e-12 1 #codeine: cOpt 1
7.5370400000e-07 1.00e-04 1.00e-12 1 #codeine: cOpt 1
1.5770330000e-06 1.00e-04 1.00e-12 1 #codeine: cOpt 1
1.1798040000e-06 1.00e-04 1.00e-12 1 #codeine: cOpt 1
1.9750230000e-06 1.00e-04 1.00e-12 1 #codeine: cOpt 1
1.2877190000e-06 1.00e-04 1.00e-12 1 #codeine: cOpt 1
4.3699100000e-07 1.00e-04 1.00e-12 1 #codeine: cOpt 1
1.2104270000e-06 1.00e-04 1.00e-12 1 #codeine: cOpt 1
1.7446270000e-06 1.00e-04 1.00e-12 1 #codeine: cOpt 1
1.0635960000e-06 1.00e-04 1.00e-12 1 #codeine: cOpt 1
3.2484630000e-06 1.00e-04 1.00e-12 1 #codeine: cOpt 1
1.2056300000e-07 1.00e-04 1.00e-12 1 #codeine: cOpt 1
6.1572000000e-07 1.00e-04 1.00e-12 1 #codeine: cOpt 1
1.4780950000e-06 1.00e-04 1.00e-12 1 #codeine: cOpt 1
5.0499000000e-07 1.00e-04 1.00e-12 1 #codeine: cOpt 1
1.1478090000e-06 1.00e-04 1.00e-12 1 #codeine: cOpt 1
5.7612800000e-07 1.00e-04 1.00e-12 1 #codeine: cOpt 1
9.2120400000e-07 1.00e-04 1.00e-12 1 #codeine: cOpt 1
1.2890350000e-06 1.00e-04 1.00e-12 1 #codeine: cOpt 1
2.0644000000e-07 1.00e-04 1.00e-12 1 #codeine: cOpt 1
1.1426990000e-06 1.00e-04 1.00e-12 1 #codeine: cOpt 1
1.1546040000e-06 1.00e-04 1.00e-12 1 #codeine: cOpt 1
3.5469460000e-06 1.00e-04 1.00e-12 1 #codeine: cOpt 1
1.6098220000e-06 1.00e-04 1.00e-12 1 #codeine: cOpt 1
8.0586100000e-07 1.00e-04 1.00e-12 1 #codeine: cOpt 1
4.6801300000e-07 1.00e-04 1.00e-12 1 #codeine: cOpt 1
5.1753700000e-07 1.00e-04 1.00e-12 1 #codeine: cOpt 1
5.1123900000e-07 1.00e-04 1.00e-12 1 #codeine: cOpt 1
9.6104500000e-07 1.00e-04 1.00e-12 1 #codeine: cOpt 1
1.2959290000e-06 1.00e-04 1.00e-12 1 #codeine: cOpt 1
4.8484000000e-08 1.00e-04 1.00e-12 1 #codeine: cOpt 1
7.4631000000e-08 1.00e-04 1.00e-12 1 #codeine: cOpt 1
1.5794600000e-07 1.00e-04 1.00e-12 1 #codeine: cOpt 1
1.4368100000e-06 1.00e-04 1.00e-12 1 #codeine: cOpt 1
9.0527000000e-08 1.00e-04 1.00e-12 1 #codeine: cOpt 1
9.4350000000e-09 1.00e-04 1.00e-12 1 #codeine: cOpt 1
7.9632400000e-07 1.00e-04 1.00e-12 1 #codeine: cOpt 1
1.0090610000e-06 1.00e-04 1.00e-12 1 #codeine: cOpt 1
1.0063900000e-06 1.00e-04 1.00e-12 1 #codeine: cOpt 1
1.6557020000e-06 1.00e-04 1.00e-12 1 #codeine: cOpt 1
5.1549700000e-07 1.00e-04 1.00e-12 1 #codeine: cOpt 1
2.0022100000e-07 1.00e-04 1.00e-12 1 #codeine: cOpt 1
1.2609300000e-07 1.00e-04 1.00e-12 1 #codeine: cOpt 1
1.2743910000e-06 1.00e-04 1.00e-12 1 #codeine: cOpt 1
1.1363660000e-06 1.00e-04 1.00e-12 1 #codeine: cOpt 1
1.5965150000e-06 1.00e-04 1.00e-12 1 #codeine: cOpt 1
1.2685800000e-07 1.00e-04 1.00e-12 1 #codeine: cOpt 1
3.2568160000e-06 1.00e-04 1.00e-12 1 #codeine: cOpt 1
3.2209810000e-06 1.00e-04 1.00e-12 1 #codeine: cOpt 1
4.2264200000e-07 1.00e-04 1.00e-12 1 #codeine: cOpt 1
9.6484200000e-07 1.00e-04 1.00e-12 1 #codeine: cOpt 1
8.4931400000e-07 1.00e-04 1.00e-12 1 #codeine: cOpt 1
7.1005700000e-07 1.00e-04 1.00e-12 1 #codeine: cOpt 1
9.6835000000e-07 1.00e-04 1.00e-12 1 #codeine: cOpt 1
2.5544800000e-07 1.00e-04 1.00e-12 1 #codeine: cOpt 1
5.6487400000e-07 1.00e-04 1.00e-12 1 #codeine: cOpt 1
1.0597740000e-06 1.00e-04 1.00e-12 1 #codeine: cOpt 1
2.0253500000e-07 1.00e-04 1.00e-12 1 #codeine: cOpt 1
2.3643470000e-06 1.00e-04 1.00e-12 1 #codeine: cOpt 1
1.6763100000e-07 1.00e-04 1.00e-12 1 #codeine: cOpt 1
2.8119200000e-07 1.00e-04 1.00e-12 1 #codeine: cOpt 1
3.0036400000e-07 1.00e-04 1.00e-12 1 #codeine: cOpt 1
1.1396520000e-06 1.00e-04 1.00e-12 1 #codeine: cOpt 1
4.0363290000e-06 1.00e-04 1.00e-12 1 #codeine: cOpt 1
7.5659900000e-07 1.00e-04 1.00e-12 1 #codeine: cOpt 1
2.9174740000e-06 1.00e-04 1.00e-12 1 #codeine: cOpt 1
2.6104070000e-06 1.00e-04 1.00e-12 1 #codeine: cOpt 1
6.6721300000e-07 1.00e-04 1.00e-12 1 #codeine: cOpt 1
1.7412180000e-06 1.00e-04 1.00e-12 1 #codeine: cOpt 1
2.9015860000e-06 1.00e-04 1.00e-12 1 #codeine: cOpt 1
9.8458900000e-07 1.00e-04 1.00e-12 1 #codeine: cOpt 1
1.4917600000e-07 1.00e-04 1.00e-12 1 #codeine: cOpt 1
1.5130100000e-07 1.00e-04 1.00e-12 1 #codeine: cOpt 1
9.6286600000e-07 1.00e-04 1.00e-12 1 #codeine: cOpt 1
3.6460900000e-07 1.00e-04 1.00e-12 1 #codeine: cOpt 1
8.3397900000e-07 1.00e-04 1.00e-12 1 #codeine: cOpt 1
8.6202300000e-07 1.00e-04 1.00e-12 1 #codeine: cOpt 1
1.7951140000e-06 1.00e-04 1.00e-12 1 #codeine: cOpt 1
2.9655680000e-06 1.00e-04 1.00e-12 1 #codeine: cOpt 1
1.5525440000e-06 1.00e-04 1.00e-12 1 #codeine: cOpt 1
5.4978800000e-07 1.00e-04 1.00e-12 1 #codeine: cOpt 1
2.1084130000e-06 1.00e-04 1.00e-12 1 #codeine: cOpt 1
3.8045000000e-07 1.00e-04 1.00e-12 1 #codeine: cOpt 1
4.6733100000e-07 1.00e-04 1.00e-12 1 #codeine: cOpt 1
5.5635900000e-07 1.00e-04 1.00e-12 1 #codeine: cOpt 1
1.0158270000e-06 1.00e-04 1.00e-12 1 #codeine: cOpt 1
4.8217300000e-07 1.00e-04 1.00e-12 1 #codeine: cOpt 1
1.1920400000e-07 1.00e-04 1.00e-12 1 #codeine: cOpt 1
8.1572700000e-07 1.00e-04 1.00e-12 1 #codeine: cOpt 1
6.0236400000e-07 1.00e-04 1.00e-12 1 #codeine: cOpt 1
2.7211170000e-06 1.00e-04 1.00e-12 1 #codeine: cOpt 1
2.6518200000e-07 1.00e-04 1.00e-12 1 #codeine: cOpt 1
2.1930200000e-07 1.00e-04 1.00e-12 1 #codeine: cOpt 1
4.3824800000e-07 1.00e-04 1.00e-12 1 #codeine: cOpt 1
4.5263400000e-07 1.00e-04 1.00e-12 1 #codeine: cOpt 1
1.0785610000e-06 1.00e-04 1.00e-12 1 #codeine: cOpt 1
4.0729900000e-07 1.00e-04 1.00e-12 1 #codeine: cOpt 1
8.5025500000e-07 1.00e-04 1.00e-12 1 #codeine: cOpt 1
1.0914480000e-06 1.00e-04 1.00e-12 1 #codeine: cOpt 1
5.2856400000e-07 1.00e-04 1.00e-12 1 #codeine: cOpt 1
9.5437500000e-07 1.00e-04 1.00e-12 1 #codeine: cOpt 1
2.7485000000e-07 1.00e-04 1.00e-12 1 #codeine: cOpt 1
1.2993500000e-06 1.00e-04 1.00e-12 1 #codeine: cOpt 1
5.9930800000e-07 1.00e-04 1.00e-12 1 #codeine: cOpt 1
9.4270000000e-08 1.00e-04 1.00e-12 1 #codeine: cOpt 1
1.4013160000e-06 1.00e-04 1.00e-12 1 #codeine: cOpt 1
1.0855950000e-06 1.00e-04 1.00e-12 1 #codeine: cOpt 1
5.5936300000e-07 1.00e-04 1.00e-12 1 #codeine: cOpt 1
7.9853400000e-07 1.00e-04 1.00e-12 1 #codeine: cOpt 1
2.1017700000e-07 1.00e-04 1.00e-12 1 #codeine: cOpt 1
3.9929000000e-07 1.00e-04 1.00e-12 1 #codeine: cOpt 1
1.0459590000e-06 1.00e-04 1.00e-12 1 #codeine: cOpt 1
1.5939690000e-06 1.00e-04 1.00e-12 1 #codeine: cOpt 1
8.6857000000e-08 1.00e-04 1.00e-12 1 #codeine: cOpt 1
3.4246700000e-07 1.00e-04 1.00e-12 1 #codeine: cOpt 1
3.5867800000e-07 1.00e-04 1.00e-12 1 #codeine: cOpt 1
1.9561900000e-07 1.00e-04 1.00e-12 1 #codeine: cOpt 1
2.8895400000e-07 1.00e-04 1.00e-12 1 #codeine: cOpt 1
3.5474500000e-07 1.00e-04 1.00e-12 1 #codeine: cOpt 1
1.0325840000e-06 1.00e-04 1.00e-12 1 #codeine: cOpt 1
4.8831000000e-08 1.00e-04 1.00e-12 1 #codeine: cOpt 1
1.0816450000e-06 1.00e-04 1.00e-12 1 #codeine: cOpt 1
5.2020800000e-07 1.00e-04 1.00e-12 1 #codeine: cOpt 1
1.0491420000e-06 1.00e-04 1.00e-12 1 #codeine: cOpt 1
1.4058250000e-06 1.00e-04 1.00e-12 1 #codeine: cOpt 1
9.5083400000e-07 1.00e-04 1.00e-12 1 #codeine: cOpt 1
4.4773900000e-07 1.00e-04 1.00e-12 1 #codeine: cOpt 1
7.0543500000e-07 1.00e-04 1.00e-12 1 #codeine: cOpt 1
2.4250390000e-06 1.00e-04 1.00e-12 1 #codeine: cOpt 1
2.6371500000e-07 1.00e-04 1.00e-12 1 #codeine: cOpt 1
2.1056200000e-07 1.00e-04 1.00e-12 1 #codeine: cOpt 1
1.6560290000e-06 1.00e-04 1.00e-12 1 #codeine: cOpt 1
9.6289000000e-08 1.00e-04 1.00e-12 1 #codeine: cOpt 1
6.3261100000e-07 1.00e-04 1.00e-12 1 #codeine: cOpt 1
6.3227800000e-07 1.00e-04 1.00e-12 1 #codeine: cOpt 1
3.0138300000e-07 1.00e-04 1.00e-12 1 #codeine: cOpt 1
5.5181800000e-07 1.00e-04 1.00e-12 1 #codeine: cOpt 1
2.3110670000e-06 1.00e-04 1.00e-12 1 #codeine: cOpt 1
5.9039500000e-07 1.00e-04 1.00e-12 1 #codeine: cOpt 1
1.1274940000e-06 1.00e-04 1.00e-12 1 #codeine: cOpt 1
3.7546000000e-07 1.00e-04 1.00e-12 1 #codeine: cOpt 1
3.6811200000e-07 1.00e-04 1.00e-12 1 #codeine: cOpt 1
1.2391730000e-06 1.00e-04 1.00e-12 1 #codeine: cOpt 1
1.1460930000e-06 1.00e-04 1.00e-12 1 #codeine: cOpt 1
8.0440700000e-07 1.00e-04 1.00e-12 1 #codeine: cOpt 1
1.5164820000e-06 1.00e-04 1.00e-12 1 #codeine: cOpt 1
2.3567360000e-06 1.00e-04 1.00e-12 1 #codeine: cOpt 1
2.6310890000e-06 1.00e-04 1.00e-12 1 #codeine: cOpt 1
2.3127970000e-06 1.00e-04 1.00e-12 1 #codeine: cOpt 1
4.4674900000e-07 1.00e-04 1.00e-12 1 #codeine: cOpt 1
4.6607400000e-07 1.00e-04 1.00e-12 1 #codeine: cOpt 1
3.3063290000e-06 1.00e-04 1.00e-12 1 #codeine: cOpt 1
8.4125300000e-07 1.00e-04 1.00e-12 1 #codeine: cOpt 1
2.8778000000e-07 1.00e-04 1.00e-12 1 #codeine: cOpt 1
1.3955640000e-06 1.00e-04 1.00e-12 1 #codeine: cOpt 1
4.9712300000e-07 1.00e-04 1.00e-12 1 #codeine: cOpt 1
2.2072000000e-07 1.00e-04 1.00e-12 1 #codeine: cOpt 1
1.6416700000e-06 1.00e-04 1.00e-12 1 #codeine: cOpt 1
4.4584300000e-07 1.00e-04 1.00e-12 1 #codeine: cOpt 1
1.6251050000e-06 1.00e-04 1.00e-12 1 #codeine: cOpt 1
1.5807210000e-06 1.00e-04 1.00e-12 1 #codeine: cOpt 1
8.3206100000e-07 1.00e-04 1.00e-12 1 #codeine: cOpt 1
1.4299600000e-07 1.00e-04 1.00e-12 1 #codeine: cOpt 1
1.2501640000e-06 1.00e-04 1.00e-12 1 #codeine: cOpt 1
6.8204400000e-07 1.00e-04 1.00e-12 1 #codeine: cOpt 1
8.5279700000e-07 1.00e-04 1.00e-12 1 #codeine: cOpt 1
7.0817900000e-07 1.00e-04 1.00e-12 1 #codeine: cOpt 1
2.8222600000e-07 1.00e-04 1.00e-12 1 #codeine: cOpt 1
9.4771400000e-07 1.00e-04 1.00e-12 1 #codeine: cOpt 1
2.1332630000e-06 1.00e-04 1.00e-12 1 #codeine: cOpt 1
3.4817810000e-06 1.00e-04 1.00e-12 1 #codeine: cOpt 1
2.3741800000e-07 1.00e-04 1.00e-12 1 #codeine: cOpt 1
8.4379200000e-07 1.00e-04 1.00e-12 1 #codeine: cOpt 1
1.8483370000e-06 1.00e-04 1.00e-12 1 #codeine: cOpt 1
8.8355400000e-07 1.00e-04 1.00e-12 1 #codeine: cOpt 1
3.0007000000e-08 1.00e-04 1.00e-12 1 #codeine: cOpt 1
1.8257480000e-06 1.00e-04 1.00e-12 1 #codeine: cOpt 1
1.5982640000e-06 1.00e-04 1.00e-12 1 #codeine: cOpt 1
1.6575460000e-06 1.00e-04 1.00e-12 1 #codeine: cOpt 1
1.6930160000e-06 1.00e-04 1.00e-12 1 #codeine: cOpt 1
2.2283000000e-07 1.00e-04 1.00e-12 1 #codeine: cOpt 1
1.0696720000e-06 1.00e-04 1.00e-12 1 #codeine: cOpt 1
5.8958800000e-07 1.00e-04 1.00e-12 1 #codeine: cOpt 1
1.3185650000e-06 1.00e-04 1.00e-12 1 #codeine: cOpt 1
2.4624040000e-06 1.00e-04 1.00e-12 1 #codeine: cOpt 1
1.4935040000e-06 1.00e-04 1.00e-12 1 #codeine: cOpt 1
1.0259580000e-06 1.00e-04 1.00e-12 1 #codeine: cOpt 1
3.7176000000e-07 1.00e-04 1.00e-12 1 #codeine: cOpt 1
1.5856400000e-06 1.00e-04 1.00e-12 1 #codeine: cOpt 1
2.5991700000e-07 1.00e-04 1.00e-12 1 #codeine: cOpt 1
1.6501010000e-06 1.00e-04 1.00e-12 1 #codeine: cOpt 1
7.2016800000e-07 1.00e-04 1.00e-12 1 #codeine: cOpt 1
4.5704700000e-07 1.00e-04 1.00e-12 1 #codeine: cOpt 1
1.3999320000e-06 1.00e-04 1.00e-12 1 #codeine: cOpt 1
1.5323930000e-06 1.00e-04 1.00e-12 1 #codeine: cOpt 1
2.5460890000e-06 1.00e-04 1.00e-12 1 #codeine: cOpt 1
3.7015900000e-07 1.00e-04 1.00e-12 1 #codeine: cOpt 1
5.2542900000e-07 1.00e-04 1.00e-12 1 #codeine: cOpt 1
1.9361790000e-06 1.00e-04 1.00e-12 1 #codeine: cOpt 1
3.2212660000e-06 1.00e-04 1.00e-12 1 #codeine: cOpt 1
1.7553050000e-06 1.00e-04 1.00e-12 1 #codeine: cOpt 1
1.5526430000e-06 1.00e-04 1.00e-12 1 #codeine: cOpt 1
2.5749760000e-06 1.00e-04 1.00e-12 1 #codeine: cOpt 1
8.0681870000e-06 1.00e-04 1.00e-12 1 #codeine: cOpt 1
2.3752990000e-06 1.00e-04 1.00e-12 1 #codeine: cOpt 1
2.6078400000e-07 1.00e-04 1.00e-12 1 #codeine: cOpt 1
3.1401730000e-06 1.00e-04 1.00e-12 1 #codeine: cOpt 1
1.3988970000e-06 1.00e-04 1.00e-12 1 #codeine: cOpt 1
3.7979720000e-06 1.00e-04 1.00e-12 1 #codeine: cOpt 1
3.6299900000e-07 1.00e-04 1.00e-12 1 #codeine: cOpt 1
3.0782930000e-06 1.00e-04 1.00e-12 1 #codeine: cOpt 1
1.1541410000e-06 1.00e-04 1.00e-12 1 #codeine: cOpt 1
5.6753000000e-08 1.00e-04 1.00e-12 1 #codeine: cOpt 1
5.4843000000e-08 1.00e-04 1.00e-12 1 #codeine: cOpt 1
6.7397000000e-08 1.00e-04 1.00e-12 1 #codeine: cOpt 1
1.1142000000e-07 1.00e-04 1.00e-12 1 #codeine: cOpt 1
1.4397300000e-07 1.00e-04 1.00e-12 1 #codeine: cOpt 1
1.9383000000e-07 1.00e-04 1.00e-12 1 #codeine: cOpt 1
1.9243100000e-07 1.00e-04 1.00e-12 1 #codeine: cOpt 1
2.4795600000e-07 1.00e-04 1.00e-12 1 #codeine: cOpt 1
2.1328400000e-07 1.00e-04 1.00e-12 1 #codeine: cOpt 1
3.7534900000e-07 1.00e-04 1.00e-12 1 #codeine: cOpt 1
3.5267900000e-07 1.00e-04 1.00e-12 1 #codeine: cOpt 1
3.8944400000e-07 1.00e-04 1.00e-12 1 #codeine: cOpt 1
4.0556400000e-07 1.00e-04 1.00e-12 1 #codeine: cOpt 1
4.3455700000e-07 1.00e-04 1.00e-12 1 #codeine: cOpt 1
1.8265000000e-07 1.00e-04 1.00e-12 1 #codeine: cOpt 1
4.8292300000e-07 1.00e-04 1.00e-12 1 #codeine: cOpt 1
2.7027900000e-07 1.00e-04 1.00e-12 1 #codeine: cOpt 1
6.1507200000e-07 1.00e-04 1.00e-12 1 #codeine: cOpt 1
4.8625300000e-07 1.00e-04 1.00e-12 1 #codeine: cOpt 1
6.2619800000e-07 1.00e-04 1.00e-12 1 #codeine: cOpt 1
1.0548900000e-07 1.00e-04 1.00e-12 1 #codeine: cOpt 1
9.2953400000e-07 1.00e-04 1.00e-12 1 #codeine: cOpt 1
3.7935700000e-07 1.00e-04 1.00e-12 1 #codeine: cOpt 1
5.7371500000e-07 1.00e-04 1.00e-12 1 #codeine: cOpt 1
6.4964700000e-07 1.00e-04 1.00e-12 1 #codeine: cOpt 1
7.1790700000e-07 1.00e-04 1.00e-12 1 #codeine: cOpt 1
3.6027600000e-07 1.00e-04 1.00e-12 1 #codeine: cOpt 1
6.7541200000e-07 1.00e-04 1.00e-12 1 #codeine: cOpt 1
5.8629200000e-07 1.00e-04 1.00e-12 1 #codeine: cOpt 1
6.0491000000e-07 1.00e-04 1.00e-12 1 #codeine: cOpt 1
7.3933700000e-07 1.00e-04 1.00e-12 1 #codeine: cOpt 1
3.9405700000e-07 1.00e-04 1.00e-12 1 #codeine: cOpt 1
9.7742000000e-07 1.00e-04 1.00e-12 1 #codeine: cOpt 1
9.9180200000e-07 1.00e-04 1.00e-12 1 #codeine: cOpt 1
1.1137000000e-08 1.00e-04 1.00e-12 1 #codeine: cOpt 1
8.9368000000e-08 1.00e-04 1.00e-12 1 #codeine: cOpt 1
1.0564360000e-06 1.00e-04 1.00e-12 1 #codeine: cOpt 1
1.0728060000e-06 1.00e-04 1.00e-12 1 #codeine: cOpt 1
9.5441500000e-07 1.00e-04 1.00e-12 1 #codeine: cOpt 1
4.5084100000e-07 1.00e-04 1.00e-12 1 #codeine: cOpt 1
1.0426380000e-06 1.00e-04 1.00e-12 1 #codeine: cOpt 1
1.1596260000e-06 1.00e-04 1.00e-12 1 #codeine: cOpt 1
1.0346060000e-06 1.00e-04 1.00e-12 1 #codeine: cOpt 1
1.1016020000e-06 1.00e-04 1.00e-12 1 #codeine: cOpt 1
8.3089800000e-07 1.00e-04 1.00e-12 1 #codeine: cOpt 1
3.1239300000e-07 1.00e-04 1.00e-12 1 #codeine: cOpt 1
1.8751900000e-07 1.00e-04 1.00e-12 1 #codeine: cOpt 1
2.3250900000e-07 1.00e-04 1.00e-12 1 #codeine: cOpt 1
1.3514070000e-06 1.00e-04 1.00e-12 1 #codeine: cOpt 1
6.9129500000e-07 1.00e-04 1.00e-12 1 #codeine: cOpt 1
7.8052700000e-07 1.00e-04 1.00e-12 1 #codeine: cOpt 1
1.3241180000e-06 1.00e-04 1.00e-12 1 #codeine: cOpt 1
1.3977740000e-06 1.00e-04 1.00e-12 1 #codeine: cOpt 1
1.4545060000e-06 1.00e-04 1.00e-12 1 #codeine: cOpt 1
7.6992600000e-07 1.00e-04 1.00e-12 1 #codeine: cOpt 1
1.4858000000e-06 1.00e-04 1.00e-12 1 #codeine: cOpt 1
3.7195900000e-07 1.00e-04 1.00e-12 1 #codeine: cOpt 1
1.0969360000e-06 1.00e-04 1.00e-12 1 #codeine: cOpt 1
1.5199700000e-06 1.00e-04 1.00e-12 1 #codeine: cOpt 1
2.9482200000e-07 1.00e-04 1.00e-12 1 #codeine: cOpt 1
4.4347000000e-07 1.00e-04 1.00e-12 1 #codeine: cOpt 1
4.8229000000e-08 1.00e-04 1.00e-12 1 #codeine: cOpt 1
1.6308050000e-06 1.00e-04 1.00e-12 1 #codeine: cOpt 1
1.4115790000e-06 1.00e-04 1.00e-12 1 #codeine: cOpt 1
7.7583400000e-07 1.00e-04 1.00e-12 1 #codeine: cOpt 1
1.7402680000e-06 1.00e-04 1.00e-12 1 #codeine: cOpt 1
2.0098700000e-07 1.00e-04 1.00e-12 1 #codeine: cOpt 1
3.6404700000e-07 1.00e-04 1.00e-12 1 #codeine: cOpt 1
1.9838790000e-06 1.00e-04 1.00e-12 1 #codeine: cOpt 1
7.6665700000e-07 1.00e-04 1.00e-12 1 #codeine: cOpt 1
8.7655000000e-07 1.00e-04 1.00e-12 1 #codeine: cOpt 1
2.2363700000e-07 1.00e-04 1.00e-12 1 #codeine: cOpt 1
1.9861300000e-07 1.00e-04 1.00e-12 1 #codeine: cOpt 1
1.5354380000e-06 1.00e-04 1.00e-12 1 #codeine: cOpt 1
2.4024700000e-07 1.00e-04 1.00e-12 1 #codeine: cOpt 1
3.5296200000e-07 1.00e-04 1.00e-12 1 #codeine: cOpt 1
2.5373400000e-07 1.00e-04 1.00e-12 1 #codeine: cOpt 1
7.6901700000e-07 1.00e-04 1.00e-12 1 #codeine: cOpt 1
4.5248800000e-07 1.00e-04 1.00e-12 1 #codeine: cOpt 1
1.5703100000e-07 1.00e-04 1.00e-12 1 #codeine: cOpt 1
1.9459240000e-06 1.00e-04 1.00e-12 1 #codeine: cOpt 1
3.4802600000e-07 1.00e-04 1.00e-12 1 #codeine: cOpt 1
1.9367480000e-06 1.00e-04 1.00e-12 1 #codeine: cOpt 1
2.9120200000e-07 1.00e-04 1.00e-12 1 #codeine: cOpt 1
8.0380700000e-07 1.00e-04 1.00e-12 1 #codeine: cOpt 1
1.8030400000e-07 1.00e-04 1.00e-12 1 #codeine: cOpt 1
4.8599200000e-07 1.00e-04 1.00e-12 1 #codeine: cOpt 1
1.1055080000e-06 1.00e-04 1.00e-12 1 #codeine: cOpt 1
7.2079000000e-08 1.00e-04 1.00e-12 1 #codeine: cOpt 1
3.5936500000e-07 1.00e-04 1.00e-12 1 #codeine: cOpt 1
1.2199950000e-06 1.00e-04 1.00e-12 1 #codeine: cOpt 1
1.7263350000e-06 1.00e-04 1.00e-12 1 #codeine: cOpt 1
5.0744400000e-07 1.00e-04 1.00e-12 1 #codeine: cOpt 1
1.7492800000e-07 1.00e-04 1.00e-12 1 #codeine: cOpt 1
7.4954900000e-07 1.00e-04 1.00e-12 1 #codeine: cOpt 1
2.6409400000e-07 1.00e-04 1.00e-12 1 #codeine: cOpt 1
2.2831000000e-07 1.00e-04 1.00e-12 1 #codeine: cOpt 1
1.7065900000e-07 1.00e-04 1.00e-12 1 #codeine: cOpt 1
1.2237900000e-06 1.00e-04 1.00e-12 1 #codeine: cOpt 1
1.2112350000e-06 1.00e-04 1.00e-12 1 #codeine: cOpt 1
1.4984200000e-07 1.00e-04 1.00e-12 1 #codeine: cOpt 1
5.5756700000e-07 1.00e-04 1.00e-12 1 #codeine: cOpt 1
1.6839000000e-07 1.00e-04 1.00e-12 1 #codeine: cOpt 1
4.4696000000e-07 1.00e-04 1.00e-12 1 #codeine: cOpt 1
2.1450900000e-07 1.00e-04 1.00e-12 1 #codeine: cOpt 1
5.2892300000e-07 1.00e-04 1.00e-12 1 #codeine: cOpt 1
9.1558000000e-08 1.00e-04 1.00e-12 1 #codeine: cOpt 1
3.0898300000e-07 1.00e-04 1.00e-12 1 #codeine: cOpt 1
1.8016760000e-06 1.00e-04 1.00e-12 1 #codeine: cOpt 1
7.2463200000e-07 1.00e-04 1.00e-12 1 #codeine: cOpt 1
1.4024800000e-07 1.00e-04 1.00e-12 1 #codeine: cOpt 1
1.8287700000e-06 1.00e-04 1.00e-12 1 #codeine: cOpt 1
1.4796850000e-06 1.00e-04 1.00e-12 1 #codeine: cOpt 1
3.4055200000e-07 1.00e-04 1.00e-12 1 #codeine: cOpt 1
1.2323040000e-06 1.00e-04 1.00e-12 1 #codeine: cOpt 1
2.9842200000e-07 1.00e-04 1.00e-12 1 #codeine: cOpt 1
1.9616600000e-07 1.00e-04 1.00e-12 1 #codeine: cOpt 1
2.1886350000e-06 1.00e-04 1.00e-12 1 #codeine: cOpt 1
4.5353400000e-07 1.00e-04 1.00e-12 1 #codeine: cOpt 1
2.1467400000e-07 1.00e-04 1.00e-12 1 #codeine: cOpt 1
5.6323000000e-08 1.00e-04 1.00e-12 1 #codeine: cOpt 1
9.9769800000e-07 1.00e-04 1.00e-12 1 #codeine: cOpt 1
5.1354600000e-07 1.00e-04 1.00e-12 1 #codeine: cOpt 1
3.0018500000e-07 1.00e-04 1.00e-12 1 #codeine: cOpt 1
5.4848800000e-07 1.00e-04 1.00e-12 1 #codeine: cOpt 1
1.6570610000e-06 1.00e-04 1.00e-12 1 #codeine: cOpt 1
4.7616800000e-07 1.00e-04 1.00e-12 1 #codeine: cOpt 1
1.2686440000e-06 1.00e-04 1.00e-12 1 #codeine: cOpt 1
6.8249400000e-07 1.00e-04 1.00e-12 1 #codeine: cOpt 1
2.2575990000e-06 1.00e-04 1.00e-12 1 #codeine: cOpt 1
4.3164700000e-07 1.00e-04 1.00e-12 1 #codeine: cOpt 1
1.4696790000e-06 1.00e-04 1.00e-12 1 #codeine: cOpt 1
1.3369930000e-06 1.00e-04 1.00e-12 1 #codeine: cOpt 1
1.6035700000e-07 1.00e-04 1.00e-12 1 #codeine: cOpt 1
2.4632600000e-06 1.00e-04 1.00e-12 1 #codeine: cOpt 1
1.7500850000e-06 1.00e-04 1.00e-12 1 #codeine: cOpt 1
1.1244270000e-06 1.00e-04 1.00e-12 1 #codeine: cOpt 1
1.2838700000e-07 1.00e-04 1.00e-12 1 #codeine: cOpt 1
1.6986330000e-06 1.00e-04 1.00e-12 1 #codeine: cOpt 1
1.0501400000e-07 1.00e-04 1.00e-12 1 #codeine: cOpt 1
1.2771720000e-06 1.00e-04 1.00e-12 1 #codeine: cOpt 1
8.6899800000e-07 1.00e-04 1.00e-12 1 #codeine: cOpt 1
2.4838080000e-06 1.00e-04 1.00e-12 1 #codeine: cOpt 1
8.6147300000e-07 1.00e-04 1.00e-12 1 #codeine: cOpt 1
2.3251000000e-07 1.00e-04 1.00e-12 1 #codeine: cOpt 1
6.5962900000e-07 1.00e-04 1.00e-12 1 #codeine: cOpt 1
2.6075300000e-07 1.00e-04 1.00e-12 1 #codeine: cOpt 1
3.2612400000e-07 1.00e-04 1.00e-12 1 #codeine: cOpt 1
4.6977000000e-08 1.00e-04 1.00e-12 1 #codeine: cOpt 1
7.5173000000e-07 1.00e-04 1.00e-12 1 #codeine: cOpt 1
1.0877160000e-06 1.00e-04 1.00e-12 1 #codeine: cOpt 1
6.5524800000e-07 1.00e-04 1.00e-12 1 #codeine: cOpt 1
6.4175600000e-07 1.00e-04 1.00e-12 1 #codeine: cOpt 1
6.5185900000e-07 1.00e-04 1.00e-12 1 #codeine: cOpt 1
7.1312600000e-07 1.00e-04 1.00e-12 1 #codeine: cOpt 1
8.8086800000e-07 1.00e-04 1.00e-12 1 #codeine: cOpt 1
3.4089390000e-06 1.00e-04 1.00e-12 1 #codeine: cOpt 1
3.1290470000e-06 1.00e-04 1.00e-12 1 #codeine: cOpt 1
2.0034110000e-06 1.00e-04 1.00e-12 1 #codeine: cOpt 1
1.7515740000e-06 1.00e-04 1.00e-12 1 #codeine: cOpt 1
1.4912990000e-06 1.00e-04 1.00e-12 1 #codeine: cOpt 1
7.8920000000e-07 1.00e-04 1.00e-12 1 #codeine: cOpt 1
1.7289700000e-07 1.00e-04 1.00e-12 1 #codeine: cOpt 1
3.8815380000e-06 1.00e-04 1.00e-12 1 #codeine: cOpt 1
8.7952100000e-07 1.00e-04 1.00e-12 1 #codeine: cOpt 1
9.7506300000e-07 1.00e-04 1.00e-12 1 #codeine: cOpt 1
1.7849980000e-06 1.00e-04 1.00e-12 1 #codeine: cOpt 1
1.2421170000e-06 1.00e-04 1.00e-12 1 #codeine: cOpt 1
1.6008970000e-06 1.00e-04 1.00e-12 1 #codeine: cOpt 1
7.8386700000e-07 1.00e-04 1.00e-12 1 #codeine: cOpt 1
8.7675200000e-07 1.00e-04 1.00e-12 1 #codeine: cOpt 1
2.6193800000e-06 1.00e-04 1.00e-12 1 #codeine: cOpt 1
3.3991790000e-06 1.00e-04 1.00e-12 1 #codeine: cOpt 1
1.0846150000e-06 1.00e-04 1.00e-12 1 #codeine: cOpt 1
8.4586900000e-07 1.00e-04 1.00e-12 1 #codeine: cOpt 1
1.1287780000e-06 1.00e-04 1.00e-12 1 #codeine: cOpt 1
7.3384600000e-07 1.00e-04 1.00e-12 1 #codeine: cOpt 1
1.0700640000e-06 1.00e-04 1.00e-12 1 #codeine: cOpt 1
1.9557320000e-06 1.00e-04 1.00e-12 1 #codeine: cOpt 1
1.9709910000e-06 1.00e-04 1.00e-12 1 #codeine: cOpt 1
2.1936500000e-07 1.00e-04 1.00e-12 1 #codeine: cOpt 1
5.2680200000e-07 1.00e-04 1.00e-12 1 #codeine: cOpt 1
2.5065300000e-07 1.00e-04 1.00e-12 1 #codeine: cOpt 1
4.9028900000e-07 1.00e-04 1.00e-12 1 #codeine: cOpt 1
1.2047060000e-06 1.00e-04 1.00e-12 1 #codeine: cOpt 1
1.3783900000e-06 1.00e-04 1.00e-12 1 #codeine: cOpt 1
4.1572500000e-07 1.00e-04 1.00e-12 1 #codeine: cOpt 1
5.7898200000e-07 1.00e-04 1.00e-12 1 #codeine: cOpt 1
1.6954000000e-07 1.00e-04 1.00e-12 1 #codeine: cOpt 1
1.4696400000e-07 1.00e-04 1.00e-12 1 #codeine: cOpt 1
1.1737230000e-06 1.00e-04 1.00e-12 1 #codeine: cOpt 1
1.2121580000e-06 1.00e-04 1.00e-12 1 #codeine: cOpt 1
1.5529400000e-07 1.00e-04 1.00e-12 1 #codeine: cOpt 1
1.7964810000e-06 1.00e-04 1.00e-12 1 #codeine: cOpt 1
1.2160970000e-06 1.00e-04 1.00e-12 1 #codeine: cOpt 1
1.3177630000e-06 1.00e-04 1.00e-12 1 #codeine: cOpt 1
4.3762000000e-08 1.00e-04 1.00e-12 1 #codeine: cOpt 1
2.0676100000e-06 1.00e-04 1.00e-12 1 #codeine: cOpt 1
7.8545200000e-07 1.00e-04 1.00e-12 1 #codeine: cOpt 1
1.2982340000e-06 1.00e-04 1.00e-12 1 #codeine: cOpt 1
4.8268100000e-07 1.00e-04 1.00e-12 1 #codeine: cOpt 1
1.1773780000e-06 1.00e-04 1.00e-12 1 #codeine: cOpt 1
1.1167620000e-06 1.00e-04 1.00e-12 1 #codeine: cOpt 1
2.5695210000e-06 1.00e-04 1.00e-12 1 #codeine: cOpt 1
1.1684680000e-06 1.00e-04 1.00e-12 1 #codeine: cOpt 1
1.4290200000e-06 1.00e-04 1.00e-12 1 #codeine: cOpt 1
1.1709990000e-06 1.00e-04 1.00e-12 1 #codeine: cOpt 1
2.2578850000e-06 1.00e-04 1.00e-12 1 #codeine: cOpt 1
5.3667300000e-07 1.00e-04 1.00e-12 1 #codeine: cOpt 1
1.1915260000e-06 1.00e-04 1.00e-12 1 #codeine: cOpt 1
7.3091600000e-07 1.00e-04 1.00e-12 1 #codeine: cOpt 1
1.0472870000e-06 1.00e-04 1.00e-12 1 #codeine: cOpt 1
1.5551210000e-06 1.00e-04 1.00e-12 1 #codeine: cOpt 1
1.7836000000e-07 1.00e-04 1.00e-12 1 #codeine: cOpt 1
8.4700200000e-07 1.00e-04 1.00e-12 1 #codeine: cOpt 1
7.3738400000e-07 1.00e-04 1.00e-12 1 #codeine: cOpt 1
4.2894700000e-07 1.00e-04 1.00e-12 1 #codeine: cOpt 1
1.8092390000e-06 1.00e-04 1.00e-12 1 #codeine: cOpt 1
4.1807300000e-07 1.00e-04 1.00e-12 1 #codeine: cOpt 1
2.3153400000e-07 1.00e-04 1.00e-12 1 #codeine: cOpt 1
1.2450520000e-06 1.00e-04 1.00e-12 1 #codeine: cOpt 1
7.4762900000e-07 1.00e-04 1.00e-12 1 #codeine: cOpt 1
4.2376600000e-07 1.00e-04 1.00e-12 1 #codeine: cOpt 1
8.1953300000e-07 1.00e-04 1.00e-12 1 #codeine: cOpt 1
3.6712300000e-07 1.00e-04 1.00e-12 1 #codeine: cOpt 1
8.9598000000e-07 1.00e-04 1.00e-12 1 #codeine: cOpt 1
1.3653000000e-07 1.00e-04 1.00e-12 1 #codeine: cOpt 1
6.0907300000e-07 1.00e-04 1.00e-12 1 #codeine: cOpt 1
5.6718300000e-07 1.00e-04 1.00e-12 1 #codeine: cOpt 1
6.3913100000e-07 1.00e-04 1.00e-12 1 #codeine: cOpt 1
4.6147100000e-07 1.00e-04 1.00e-12 1 #codeine: cOpt 1
3.7470690000e-06 1.00e-04 1.00e-12 1 #codeine: cOpt 1
1.1987290000e-06 1.00e-04 1.00e-12 1 #codeine: cOpt 1
2.4539200000e-07 1.00e-04 1.00e-12 1 #codeine: cOpt 1
1.6944770000e-06 1.00e-04 1.00e-12 1 #codeine: cOpt 1
1.4269830000e-06 1.00e-04 1.00e-12 1 #codeine: cOpt 1
6.2764900000e-07 1.00e-04 1.00e-12 1 #codeine: cOpt 1
1.7518970000e-06 1.00e-04 1.00e-12 1 #codeine: cOpt 1
1.0469630000e-06 1.00e-04 1.00e-12 1 #codeine: cOpt 1
9.0206000000e-08 1.00e-04 1.00e-12 1 #codeine: cOpt 1
1.7010200000e-07 1.00e-04 1.00e-12 1 #codeine: cOpt 1
5.2498700000e-07 1.00e-04 1.00e-12 1 #codeine: cOpt 1
3.0647460000e-06 1.00e-04 1.00e-12 1 #codeine: cOpt 1
1.5043300000e-07 1.00e-04 1.00e-12 1 #codeine: cOpt 1
9.3387800000e-07 1.00e-04 1.00e-12 1 #codeine: cOpt 1
3.3071700000e-07 1.00e-04 1.00e-12 1 #codeine: cOpt 1
1.1814740000e-06 1.00e-04 1.00e-12 1 #codeine: cOpt 1
7.9357100000e-07 1.00e-04 1.00e-12 1 #codeine: cOpt 1
2.0097750000e-06 1.00e-04 1.00e-12 1 #codeine: cOpt 1
1.2671890000e-06 1.00e-04 1.00e-12 1 #codeine: cOpt 1
1.5706930000e-06 1.00e-04 1.00e-12 1 #codeine: cOpt 1
8.5020200000e-07 1.00e-04 1.00e-12 1 #codeine: cOpt 1
1.0970530000e-06 1.00e-04 1.00e-12 1 #codeine: cOpt 1
2.4704780000e-06 1.00e-04 1.00e-12 1 #codeine: cOpt 1
7.9433300000e-07 1.00e-04 1.00e-12 1 #codeine: cOpt 1
1.3478110000e-06 1.00e-04 1.00e-12 1 #codeine: cOpt 1
5.1764000000e-07 1.00e-04 1.00e-12 1 #codeine: cOpt 1
1.1156300000e-07 1.00e-04 1.00e-12 1 #codeine: cOpt 1
1.5727900000e-06 1.00e-04 1.00e-12 1 #codeine: cOpt 1
1.9066500000e-07 1.00e-04 1.00e-12 1 #codeine: cOpt 1
2.1904000000e-08 1.00e-04 1.00e-12 1 #codeine: cOpt 1
3.2340400000e-07 1.00e-04 1.00e-12 1 #codeine: cOpt 1
1.1159360000e-06 1.00e-04 1.00e-12 1 #codeine: cOpt 1
1.8662300000e-07 1.00e-04 1.00e-12 1 #codeine: cOpt 1
6.8355700000e-07 1.00e-04 1.00e-12 1 #codeine: cOpt 1
2.2009900000e-07 1.00e-04 1.00e-12 1 #codeine: cOpt 1
1.0310490000e-06 1.00e-04 1.00e-12 1 #codeine: cOpt 1
1.4669170000e-06 1.00e-04 1.00e-12 1 #codeine: cOpt 1
2.0710000000e-07 1.00e-04 1.00e-12 1 #codeine: cOpt 1
3.7628800000e-07 1.00e-04 1.00e-12 1 #codeine: cOpt 1
1.1327100000e-06 1.00e-04 1.00e-12 1 #codeine: cOpt 1
3.4735800000e-07 1.00e-04 1.00e-12 1 #codeine: cOpt 1
1.1824800000e-07 1.00e-04 1.00e-12 1 #codeine: cOpt 1
1.7900020000e-06 1.00e-04 1.00e-12 1 #codeine: cOpt 1
8.1096300000e-07 1.00e-04 1.00e-12 1 #codeine: cOpt 1
1.0678670000e-06 1.00e-04 1.00e-12 1 #codeine: cOpt 1
1.3904850000e-06 1.00e-04 1.00e-12 1 #codeine: cOpt 1
2.0289600000e-07 1.00e-04 1.00e-12 1 #codeine: cOpt 1
1.0920820000e-06 1.00e-04 1.00e-12 1 #codeine: cOpt 1
4.5399300000e-07 1.00e-04 1.00e-12 1 #codeine: cOpt 1
6.1850900000e-07 1.00e-04 1.00e-12 1 #codeine: cOpt 1
1.4611690000e-06 1.00e-04 1.00e-12 1 #codeine: cOpt 1
2.4258200000e-07 1.00e-04 1.00e-12 1 #codeine: cOpt 1
6.2554000000e-08 1.00e-04 1.00e-12 1 #codeine: cOpt 1
6.5921100000e-07 1.00e-04 1.00e-12 1 #codeine: cOpt 1
8.1046000000e-07 1.00e-04 1.00e-12 1 #codeine: cOpt 1
7.9405000000e-07 1.00e-04 1.00e-12 1 #codeine: cOpt 1
3.2246300000e-07 1.00e-04 1.00e-12 1 #codeine: cOpt 1
7.9945200000e-07 1.00e-04 1.00e-12 1 #codeine: cOpt 1
1.6359700000e-07 1.00e-04 1.00e-12 1 #codeine: cOpt 1
6.0905400000e-07 1.00e-04 1.00e-12 1 #codeine: cOpt 1
8.9987100000e-07 1.00e-04 1.00e-12 1 #codeine: cOpt 1
8.5118600000e-07 1.00e-04 1.00e-12 1 #codeine: cOpt 1
8.4843500000e-07 1.00e-04 1.00e-12 1 #codeine: cOpt 1
2.4590000000e-07 1.00e-04 1.00e-12 1 #codeine: cOpt 1
5.5168100000e-07 1.00e-04 1.00e-12 1 #codeine: cOpt 1
7.3700100000e-07 1.00e-04 1.00e-12 1 #codeine: cOpt 1
3.3479500000e-07 1.00e-04 1.00e-12 1 #codeine: cOpt 1
7.7988500000e-07 1.00e-04 1.00e-12 1 #codeine: cOpt 1
4.3592700000e-07 1.00e-04 1.00e-12 1 #codeine: cOpt 1
1.1212400000e-07 1.00e-04 1.00e-12 1 #codeine: cOpt 1
9.2860600000e-07 1.00e-04 1.00e-12 1 #codeine: cOpt 1
7.3143600000e-07 1.00e-04 1.00e-12 1 #codeine: cOpt 1
5.0196200000e-07 1.00e-04 1.00e-12 1 #codeine: cOpt 1
1.4404880000e-06 1.00e-04 1.00e-12 1 #codeine: cOpt 1
9.3227700000e-07 1.00e-04 1.00e-12 1 #codeine: cOpt 1
1.5959080000e-06 1.00e-04 1.00e-12 1 #codeine: cOpt 1
6.1822800000e-07 1.00e-04 1.00e-12 1 #codeine: cOpt 1
1.6350490000e-06 1.00e-04 1.00e-12 1 #codeine: cOpt 1
4.2284600000e-07 1.00e-04 1.00e-12 1 #codeine: cOpt 1
1.9118800000e-07 1.00e-04 1.00e-12 1 #codeine: cOpt 1
9.0464600000e-07 1.00e-04 1.00e-12 1 #codeine: cOpt 1
8.8353300000e-07 1.00e-04 1.00e-12 1 #codeine: cOpt 1
1.0395700000e-06 1.00e-04 1.00e-12 1 #codeine: cOpt 1
9.9870000000e-08 1.00e-04 1.00e-12 1 #codeine: cOpt 1
4.8227600000e-07 1.00e-04 1.00e-12 1 #codeine: cOpt 1
3.8280100000e-07 1.00e-04 1.00e-12 1 #codeine: cOpt 1
2.8710530000e-06 1.00e-04 1.00e-12 1 #codeine: cOpt 1
1.7227070000e-06 1.00e-04 1.00e-12 1 #codeine: cOpt 1
2.4983500000e-07 1.00e-04 1.00e-12 1 #codeine: cOpt 1
1.4346000000e-08 1.00e-04 1.00e-12 1 #codeine: cOpt 1
3.8515000000e-07 1.00e-04 1.00e-12 1 #codeine: cOpt 1
1.3294700000e-06 1.00e-04 1.00e-12 1 #codeine: cOpt 1
1.1254720000e-06 1.00e-04 1.00e-12 1 #codeine: cOpt 1
5.0946200000e-07 1.00e-04 1.00e-12 1 #codeine: cOpt 1
1.7993800000e-07 1.00e-04 1.00e-12 1 #codeine: cOpt 1
1.8592450000e-06 1.00e-04 1.00e-12 1 #codeine: cOpt 1
1.5800100000e-07 1.00e-04 1.00e-12 1 #codeine: cOpt 1
1.7293710000e-06 1.00e-04 1.00e-12 1 #codeine: cOpt 1
1.3518650000e-06 1.00e-04 1.00e-12 1 #codeine: cOpt 1
2.4179400000e-06 1.00e-04 1.00e-12 1 #codeine: cOpt 1
7.2528800000e-07 1.00e-04 1.00e-12 1 #codeine: cOpt 1
6.6148100000e-07 1.00e-04 1.00e-12 1 #codeine: cOpt 1
2.4217730000e-06 1.00e-04 1.00e-12 1 #codeine: cOpt 1
1.2872570000e-06 1.00e-04 1.00e-12 1 #codeine: cOpt 1
1.2514530000e-06 1.00e-04 1.00e-12 1 #codeine: cOpt 1
1.1226040000e-06 1.00e-04 1.00e-12 1 #codeine: cOpt 1
6.5614300000e-07 1.00e-04 1.00e-12 1 #codeine: cOpt 1
2.5527400000e-07 1.00e-04 1.00e-12 1 #codeine: cOpt 1
1.7400560000e-06 1.00e-04 1.00e-12 1 #codeine: cOpt 1
7.6564000000e-08 1.00e-04 1.00e-12 1 #codeine: cOpt 1
1.5598540000e-06 1.00e-04 1.00e-12 1 #codeine: cOpt 1
1.0117510000e-06 1.00e-04 1.00e-12 1 #codeine: cOpt 1
9.8746300000e-07 1.00e-04 1.00e-12 1 #codeine: cOpt 1
2.9157700000e-07 1.00e-04 1.00e-12 1 #codeine: cOpt 1
1.3778360000e-06 1.00e-04 1.00e-12 1 #codeine: cOpt 1
3.4406280000e-06 1.00e-04 1.00e-12 1 #codeine: cOpt 1
7.8098300000e-07 1.00e-04 1.00e-12 1 #codeine: cOpt 1
7.7015000000e-08 1.00e-04 1.00e-12 1 #codeine: cOpt 1
8.5270000000e-07 1.00e-04 1.00e-12 1 #codeine: cOpt 1
2.3025960000e-06 1.00e-04 1.00e-12 1 #codeine: cOpt 1
1.4978330000e-06 1.00e-04 1.00e-12 1 #codeine: cOpt 1
3.1152350000e-06 1.00e-04 1.00e-12 1 #codeine: cOpt 1
4.6748100000e-07 1.00e-04 1.00e-12 1 #codeine: cOpt 1
2.3610800000e-07 1.00e-04 1.00e-12 1 #codeine: cOpt 1
4.5257000000e-08 1.00e-04 1.00e-12 1 #codeine: cOpt 1
5.8987730000e-06 1.00e-04 1.00e-12 1 #codeine: cOpt 1
9.1943300000e-07 1.00e-04 1.00e-12 1 #codeine: cOpt 1
1.3833810000e-06 1.00e-04 1.00e-12 1 #codeine: cOpt 1
9.9088400000e-07 1.00e-04 1.00e-12 1 #codeine: cOpt 1
1.7998000000e-07 1.00e-04 1.00e-12 1 #codeine: cOpt 1
4.4046800000e-07 1.00e-04 1.00e-12 1 #codeine: cOpt 1
5.9167300000e-07 1.00e-04 1.00e-12 1 #codeine: cOpt 1
9.1091000000e-07 1.00e-04 1.00e-12 1 #codeine: cOpt 1
1.2148030000e-06 1.00e-04 1.00e-12 1 #codeine: cOpt 1
6.0494700000e-07 1.00e-04 1.00e-12 1 #codeine: cOpt 1
3.1149600000e-07 1.00e-04 1.00e-12 1 #codeine: cOpt 1
7.4540200000e-07 1.00e-04 1.00e-12 1 #codeine: cOpt 1
6.0932600000e-07 1.00e-04 1.00e-12 1 #codeine: cOpt 1
1.4397560000e-06 1.00e-04 1.00e-12 1 #codeine: cOpt 1
1.3201730000e-06 1.00e-04 1.00e-12 1 #codeine: cOpt 1
5.1658100000e-07 1.00e-04 1.00e-12 1 #codeine: cOpt 1
6.8919400000e-07 1.00e-04 1.00e-12 1 #codeine: cOpt 1
1.5254700000e-07 1.00e-04 1.00e-12 1 #codeine: cOpt 1
2.8343900000e-07 1.00e-04 1.00e-12 1 #codeine: cOpt 1
1.1543270000e-06 1.00e-04 1.00e-12 1 #codeine: cOpt 1
9.3566200000e-07 1.00e-04 1.00e-12 1 #codeine: cOpt 1
1.0301090000e-06 1.00e-04 1.00e-12 1 #codeine: cOpt 1
1.1172500000e-07 1.00e-04 1.00e-12 1 #codeine: cOpt 1
1.2791040000e-06 1.00e-04 1.00e-12 1 #codeine: cOpt 1
1.3535790000e-06 1.00e-04 1.00e-12 1 #codeine: cOpt 1
5.6545300000e-07 1.00e-04 1.00e-12 1 #codeine: cOpt 1
3.1177100000e-07 1.00e-04 1.00e-12 1 #codeine: cOpt 1
2.0241890000e-06 1.00e-04 1.00e-12 1 #codeine: cOpt 1
2.0104750000e-06 1.00e-04 1.00e-12 1 #codeine: cOpt 1
2.0218020000e-06 1.00e-04 1.00e-12 1 #codeine: cOpt 1
3.3612600000e-07 1.00e-04 1.00e-12 1 #codeine: cOpt 1
8.8765000000e-07 1.00e-04 1.00e-12 1 #codeine: cOpt 1
7.2386600000e-07 1.00e-04 1.00e-12 1 #codeine: cOpt 1
1.7625600000e-07 1.00e-04 1.00e-12 1 #codeine: cOpt 1
4.3592000000e-07 1.00e-04 1.00e-12 1 #codeine: cOpt 1
9.2074000000e-08 1.00e-04 1.00e-12 1 #codeine: cOpt 1
2.2494800000e-07 1.00e-04 1.00e-12 1 #codeine: cOpt 1
1.2809770000e-06 1.00e-04 1.00e-12 1 #codeine: cOpt 1
7.7609800000e-07 1.00e-04 1.00e-12 1 #codeine: cOpt 1
1.2888200000e-07 1.00e-04 1.00e-12 1 #codeine: cOpt 1
3.1789110000e-06 1.00e-04 1.00e-12 1 #codeine: cOpt 1
1.8889100000e-07 1.00e-04 1.00e-12 1 #codeine: cOpt 1
2.2494580000e-06 1.00e-04 1.00e-12 1 #codeine: cOpt 1
2.0470290000e-06 1.00e-04 1.00e-12 1 #codeine: cOpt 1
1.0756760000e-06 1.00e-04 1.00e-12 1 #codeine: cOpt 1
5.1692440000e-06 1.00e-04 1.00e-12 1 #codeine: cOpt 1
1.1910860000e-06 1.00e-04 1.00e-12 1 #codeine: cOpt 1
1.7689180000e-06 1.00e-04 1.00e-12 1 #codeine: cOpt 1
2.8768900000e-07 1.00e-04 1.00e-12 1 #codeine: cOpt 1
5.9234800000e-07 1.00e-04 1.00e-12 1 #codeine: cOpt 1
3.0184500000e-07 1.00e-04 1.00e-12 1 #codeine: cOpt 1
1.1082730000e-06 1.00e-04 1.00e-12 1 #codeine: cOpt 1
2.1723500000e-07 1.00e-04 1.00e-12 1 #codeine: cOpt 1
6.5676800000e-07 1.00e-04 1.00e-12 1 #codeine: cOpt 1
2.0512400000e-07 1.00e-04 1.00e-12 1 #codeine: cOpt 1
1.4460990000e-06 1.00e-04 1.00e-12 1 #codeine: cOpt 1
4.6762530000e-06 1.00e-04 1.00e-12 1 #codeine: cOpt 1
7.3349300000e-07 1.00e-04 1.00e-12 1 #codeine: cOpt 1
1.1300440000e-06 1.00e-04 1.00e-12 1 #codeine: cOpt 1
6.3377100000e-07 1.00e-04 1.00e-12 1 #codeine: cOpt 1
1.3127770000e-06 1.00e-04 1.00e-12 1 #codeine: cOpt 1
1.9828870000e-06 1.00e-04 1.00e-12 1 #codeine: cOpt 1
1.3549180000e-06 1.00e-04 1.00e-12 1 #codeine: cOpt 1
1.3398450000e-06 1.00e-04 1.00e-12 1 #codeine: cOpt 1
7.5802500000e-07 1.00e-04 1.00e-12 1 #codeine: cOpt 1
2.1655440000e-06 1.00e-04 1.00e-12 1 #codeine: cOpt 1
1.5941210000e-06 1.00e-04 1.00e-12 1 #codeine: cOpt 1
7.4414700000e-07 1.00e-04 1.00e-12 1 #codeine: cOpt 1
3.8066300000e-07 1.00e-04 1.00e-12 1 #codeine: cOpt 1
1.1548950000e-06 1.00e-04 1.00e-12 1 #codeine: cOpt 1
1.8818080000e-06 1.00e-04 1.00e-12 1 #codeine: cOpt 1
1.8066770000e-06 1.00e-04 1.00e-12 1 #codeine: cOpt 1
2.0232900000e-07 1.00e-04 1.00e-12 1 #codeine: cOpt 1
2.4733700000e-07 1.00e-04 1.00e-12 1 #codeine: cOpt 1
6.8383500000e-07 1.00e-04 1.00e-12 1 #codeine: cOpt 1
7.4599200000e-07 1.00e-04 1.00e-12 1 #codeine: cOpt 1
5.1752300000e-07 1.00e-04 1.00e-12 1 #codeine: cOpt 1
7.8885500000e-07 1.00e-04 1.00e-12 1 #codeine: cOpt 1
8.0902600000e-07 1.00e-04 1.00e-12 1 #codeine: cOpt 1
1.4454010000e-06 1.00e-04 1.00e-12 1 #codeine: cOpt 1
7.9721500000e-07 1.00e-04 1.00e-12 1 #codeine: cOpt 1
4.5723000000e-07 1.00e-04 1.00e-12 1 #codeine: cOpt 1
2.5778310000e-06 1.00e-04 1.00e-12 1 #codeine: cOpt 1
1.7347820000e-06 1.00e-04 1.00e-12 1 #codeine: cOpt 1
1.5960840000e-06 1.00e-04 1.00e-12 1 #codeine: cOpt 1
1.5495530000e-06 1.00e-04 1.00e-12 1 #codeine: cOpt 1
4.1167480000e-06 1.00e-04 1.00e-12 1 #codeine: cOpt 1
1.5111100000e-06 1.00e-04 1.00e-12 1 #codeine: cOpt 1
6.1518600000e-07 1.00e-04 1.00e-12 1 #codeine: cOpt 1
2.7865900000e-07 1.00e-04 1.00e-12 1 #codeine: cOpt 1
1.0183830000e-06 1.00e-04 1.00e-12 1 #codeine: cOpt 1
2.2918630000e-06 1.00e-04 1.00e-12 1 #codeine: cOpt 1
3.8393140000e-06 1.00e-04 1.00e-12 1 #codeine: cOpt 1
3.6120300000e-07 1.00e-04 1.00e-12 1 #codeine: cOpt 1
2.1176100000e-07 1.00e-04 1.00e-12 1 #codeine: cOpt 1
2.3753400000e-07 1.00e-04 1.00e-12 1 #codeine: cOpt 1
6.0150800000e-07 1.00e-04 1.00e-12 1 #codeine: cOpt 1
7.9249400000e-07 1.00e-04 1.00e-12 1 #codeine: cOpt 1
1.5654740000e-06 1.00e-04 1.00e-12 1 #codeine: cOpt 1
1.6580650000e-06 1.00e-04 1.00e-12 1 #codeine: cOpt 1
5.9841100000e-07 1.00e-04 1.00e-12 1 #codeine: cOpt 1
2.2924710000e-06 1.00e-04 1.00e-12 1 #codeine: cOpt 1
6.0187200000e-07 1.00e-04 1.00e-12 1 #codeine: cOpt 1
5.7428700000e-07 1.00e-04 1.00e-12 1 #codeine: cOpt 1
3.8051650000e-06 1.00e-04 1.00e-12 1 #codeine: cOpt 1
4.7538830000e-06 1.00e-04 1.00e-12 1 #codeine: cOpt 1
3.9943310000e-06 1.00e-04 1.00e-12 1 #codeine: cOpt 1
8.3608000000e-08 1.00e-04 1.00e-12 1 #codeine: cOpt 1
1.9531700000e-07 1.00e-04 1.00e-12 1 #codeine: cOpt 1
2.4445490000e-06 1.00e-04 1.00e-12 1 #codeine: cOpt 1
1.1658870000e-06 1.00e-04 1.00e-12 1 #codeine: cOpt 1
2.3868370000e-06 1.00e-04 1.00e-12 1 #codeine: cOpt 1
1.4385080000e-06 1.00e-04 1.00e-12 1 #codeine: cOpt 1
1.3411730000e-06 1.00e-04 1.00e-12 1 #codeine: cOpt 1
1.2364620000e-06 1.00e-04 1.00e-12 1 #codeine: cOpt 1
1.5483400000e-06 1.00e-04 1.00e-12 1 #codeine: cOpt 1
6.2835300000e-07 1.00e-04 1.00e-12 1 #codeine: cOpt 1
2.2993670000e-06 1.00e-04 1.00e-12 1 #codeine: cOpt 1
2.8965950000e-06 1.00e-04 1.00e-12 1 #codeine: cOpt 1
2.0482600000e-07 1.00e-04 1.00e-12 1 #codeine: cOpt 1
1.6262640000e-06 1.00e-04 1.00e-12 1 #codeine: cOpt 1
1.5674100000e-07 1.00e-04 1.00e-12 1 #codeine: cOpt 1
1.4078300000e-06 1.00e-04 1.00e-12 1 #codeine: cOpt 1
1.3623100000e-06 1.00e-04 1.00e-12 1 #codeine: cOpt 1
6.7891100000e-07 1.00e-04 1.00e-12 1 #codeine: cOpt 1
3.6052270000e-06 1.00e-04 1.00e-12 1 #codeine: cOpt 1
4.2960500000e-06 1.00e-04 1.00e-12 1 #codeine: cOpt 1
9.5202000000e-08 1.00e-04 1.00e-12 1 #codeine: cOpt 1
6.3593100000e-07 1.00e-04 1.00e-12 1 #codeine: cOpt 1
4.2936000000e-07 1.00e-04 1.00e-12 1 #codeine: cOpt 1
2.8333950000e-06 1.00e-04 1.00e-12 1 #codeine: cOpt 1
1.5911770000e-06 1.00e-04 1.00e-12 1 #codeine: cOpt 1
2.2077060000e-06 1.00e-04 1.00e-12 1 #codeine: cOpt 1
1.7687800000e-06 1.00e-04 1.00e-12 1 #codeine: cOpt 1
1.2214480000e-06 1.00e-04 1.00e-12 1 #codeine: cOpt 1
2.1215200000e-06 1.00e-04 1.00e-12 1 #codeine: cOpt 1
4.8540900000e-06 1.00e-04 1.00e-12 1 #codeine: cOpt 1
5.7326400000e-07 1.00e-04 1.00e-12 1 #codeine: cOpt 1
5.2986600000e-07 1.00e-04 1.00e-12 1 #codeine: cOpt 1
4.8314000000e-08 1.00e-04 1.00e-12 1 #codeine: cOpt 1
1.4842230000e-06 1.00e-04 1.00e-12 1 #codeine: cOpt 1
3.5010770000e-06 1.00e-04 1.00e-12 1 #codeine: cOpt 1
5.7392750000e-06 1.00e-04 1.00e-12 1 #codeine: cOpt 1
9.5626400000e-07 1.00e-04 1.00e-12 1 #codeine: cOpt 1
6.3274000000e-08 1.00e-04 1.00e-12 1 #codeine: cOpt 1
8.6799000000e-08 1.00e-04 1.00e-12 1 #codeine: cOpt 1
9.1354000000e-08 1.00e-04 1.00e-12 1 #codeine: cOpt 1
1.4036300000e-07 1.00e-04 1.00e-12 1 #codeine: cOpt 1
2.5732800000e-07 1.00e-04 1.00e-12 1 #codeine: cOpt 1
2.5777100000e-07 1.00e-04 1.00e-12 1 #codeine: cOpt 1
2.5945500000e-07 1.00e-04 1.00e-12 1 #codeine: cOpt 1
2.6884400000e-07 1.00e-04 1.00e-12 1 #codeine: cOpt 1
9.1119000000e-08 1.00e-04 1.00e-12 1 #codeine: cOpt 1
4.0146000000e-07 1.00e-04 1.00e-12 1 #codeine: cOpt 1
4.1840000000e-07 1.00e-04 1.00e-12 1 #codeine: cOpt 1
4.5166300000e-07 1.00e-04 1.00e-12 1 #codeine: cOpt 1
4.2428700000e-07 1.00e-04 1.00e-12 1 #codeine: cOpt 1
4.0418200000e-07 1.00e-04 1.00e-12 1 #codeine: cOpt 1
1.7078600000e-07 1.00e-04 1.00e-12 1 #codeine: cOpt 1
1.0630000000e-08 1.00e-04 1.00e-12 1 #codeine: cOpt 1
5.4425800000e-07 1.00e-04 1.00e-12 1 #codeine: cOpt 1
5.4591200000e-07 1.00e-04 1.00e-12 1 #codeine: cOpt 1
5.9752700000e-07 1.00e-04 1.00e-12 1 #codeine: cOpt 1
4.8100800000e-07 1.00e-04 1.00e-12 1 #codeine: cOpt 1
5.6747200000e-07 1.00e-04 1.00e-12 1 #codeine: cOpt 1
6.2506200000e-07 1.00e-04 1.00e-12 1 #codeine: cOpt 1
6.7670700000e-07 1.00e-04 1.00e-12 1 #codeine: cOpt 1
1.0836100000e-07 1.00e-04 1.00e-12 1 #codeine: cOpt 1
7.5336500000e-07 1.00e-04 1.00e-12 1 #codeine: cOpt 1
7.0102700000e-07 1.00e-04 1.00e-12 1 #codeine: cOpt 1
7.9468700000e-07 1.00e-04 1.00e-12 1 #codeine: cOpt 1
8.9659000000e-08 1.00e-04 1.00e-12 1 #codeine: cOpt 1
4.0151000000e-08 1.00e-04 1.00e-12 1 #codeine: cOpt 1
7.5470500000e-07 1.00e-04 1.00e-12 1 #codeine: cOpt 1
8.7510500000e-07 1.00e-04 1.00e-12 1 #codeine: cOpt 1
7.0527800000e-07 1.00e-04 1.00e-12 1 #codeine: cOpt 1
2.7681200000e-07 1.00e-04 1.00e-12 1 #codeine: cOpt 1
5.3170200000e-07 1.00e-04 1.00e-12 1 #codeine: cOpt 1
8.6829400000e-07 1.00e-04 1.00e-12 1 #codeine: cOpt 1
6.2068700000e-07 1.00e-04 1.00e-12 1 #codeine: cOpt 1
4.1498100000e-07 1.00e-04 1.00e-12 1 #codeine: cOpt 1
6.1858000000e-07 1.00e-04 1.00e-12 1 #codeine: cOpt 1
3.1071600000e-07 1.00e-04 1.00e-12 1 #codeine: cOpt 1
5.6958600000e-07 1.00e-04 1.00e-12 1 #codeine: cOpt 1
1.0190360000e-06 1.00e-04 1.00e-12 1 #codeine: cOpt 1
1.0228280000e-06 1.00e-04 1.00e-12 1 #codeine: cOpt 1
1.9461900000e-07 1.00e-04 1.00e-12 1 #codeine: cOpt 1
1.1960180000e-06 1.00e-04 1.00e-12 1 #codeine: cOpt 1
2.4557600000e-07 1.00e-04 1.00e-12 1 #codeine: cOpt 1
2.7489700000e-07 1.00e-04 1.00e-12 1 #codeine: cOpt 1
5.2704200000e-07 1.00e-04 1.00e-12 1 #codeine: cOpt 1
1.1801760000e-06 1.00e-04 1.00e-12 1 #codeine: cOpt 1
1.2834040000e-06 1.00e-04 1.00e-12 1 #codeine: cOpt 1
1.3685780000e-06 1.00e-04 1.00e-12 1 #codeine: cOpt 1
3.7030000000e-08 1.00e-04 1.00e-12 1 #codeine: cOpt 1
1.2369960000e-06 1.00e-04 1.00e-12 1 #codeine: cOpt 1
1.3141350000e-06 1.00e-04 1.00e-12 1 #codeine: cOpt 1
6.2194000000e-08 1.00e-04 1.00e-12 1 #codeine: cOpt 1
9.8112700000e-07 1.00e-04 1.00e-12 1 #codeine: cOpt 1
5.3997100000e-07 1.00e-04 1.00e-12 1 #codeine: cOpt 1
8.3352900000e-07 1.00e-04 1.00e-12 1 #codeine: cOpt 1
2.7225600000e-07 1.00e-04 1.00e-12 1 #codeine: cOpt 1
1.7170080000e-06 1.00e-04 1.00e-12 1 #codeine: cOpt 1
5.1214500000e-07 1.00e-04 1.00e-12 1 #codeine: cOpt 1
1.6711050000e-06 1.00e-04 1.00e-12 1 #codeine: cOpt 1
5.7411400000e-07 1.00e-04 1.00e-12 1 #codeine: cOpt 1
1.0461980000e-06 1.00e-04 1.00e-12 1 #codeine: cOpt 1
8.8177500000e-07 1.00e-04 1.00e-12 1 #codeine: cOpt 1
1.4036550000e-06 1.00e-04 1.00e-12 1 #codeine: cOpt 1
6.1059500000e-07 1.00e-04 1.00e-12 1 #codeine: cOpt 1
8.6383400000e-07 1.00e-04 1.00e-12 1 #codeine: cOpt 1
5.4992300000e-07 1.00e-04 1.00e-12 1 #codeine: cOpt 1
2.4369500000e-07 1.00e-04 1.00e-12 1 #codeine: cOpt 1
1.7717580000e-06 1.00e-04 1.00e-12 1 #codeine: cOpt 1
3.5577800000e-07 1.00e-04 1.00e-12 1 #codeine: cOpt 1
2.0351710000e-06 1.00e-04 1.00e-12 1 #codeine: cOpt 1
1.8166370000e-06 1.00e-04 1.00e-12 1 #codeine: cOpt 1
1.0054710000e-06 1.00e-04 1.00e-12 1 #codeine: cOpt 1
2.6323500000e-07 1.00e-04 1.00e-12 1 #codeine: cOpt 1
1.3943200000e-07 1.00e-04 1.00e-12 1 #codeine: cOpt 1
1.5158940000e-06 1.00e-04 1.00e-12 1 #codeine: cOpt 1
1.3736500000e-06 1.00e-04 1.00e-12 1 #codeine: cOpt 1
1.1358540000e-06 1.00e-04 1.00e-12 1 #codeine: cOpt 1
5.2178800000e-07 1.00e-04 1.00e-12 1 #codeine: cOpt 1
1.4351700000e-06 1.00e-04 1.00e-12 1 #codeine: cOpt 1
1.7978880000e-06 1.00e-04 1.00e-12 1 #codeine: cOpt 1
1.9943480000e-06 1.00e-04 1.00e-12 1 #codeine: cOpt 1
1.6441140000e-06 1.00e-04 1.00e-12 1 #codeine: cOpt 1
2.6044900000e-07 1.00e-04 1.00e-12 1 #codeine: cOpt 1
4.7114900000e-07 1.00e-04 1.00e-12 1 #codeine: cOpt 1
3.5310700000e-07 1.00e-04 1.00e-12 1 #codeine: cOpt 1
1.1612600000e-06 1.00e-04 1.00e-12 1 #codeine: cOpt 1
1.0054330000e-06 1.00e-04 1.00e-12 1 #codeine: cOpt 1
1.8166630000e-06 1.00e-04 1.00e-12 1 #codeine: cOpt 1
1.2132120000e-06 1.00e-04 1.00e-12 1 #codeine: cOpt 1
3.1765700000e-07 1.00e-04 1.00e-12 1 #codeine: cOpt 1
1.4188810000e-06 1.00e-04 1.00e-12 1 #codeine: cOpt 1
8.3889400000e-07 1.00e-04 1.00e-12 1 #codeine: cOpt 1
1.1595100000e-07 1.00e-04 1.00e-12 1 #codeine: cOpt 1
2.3635870000e-06 1.00e-04 1.00e-12 1 #codeine: cOpt 1
5.4006000000e-07 1.00e-04 1.00e-12 1 #codeine: cOpt 1
5.2549000000e-07 1.00e-04 1.00e-12 1 #codeine: cOpt 1
8.3630900000e-07 1.00e-04 1.00e-12 1 #codeine: cOpt 1
4.6470100000e-07 1.00e-04 1.00e-12 1 #codeine: cOpt 1
3.8641400000e-07 1.00e-04 1.00e-12 1 #codeine: cOpt 1
5.7881100000e-07 1.00e-04 1.00e-12 1 #codeine: cOpt 1
4.4640400000e-07 1.00e-04 1.00e-12 1 #codeine: cOpt 1
7.5308900000e-07 1.00e-04 1.00e-12 1 #codeine: cOpt 1
8.5370800000e-07 1.00e-04 1.00e-12 1 #codeine: cOpt 1
1.6371540000e-06 1.00e-04 1.00e-12 1 #codeine: cOpt 1
4.9925700000e-07 1.00e-04 1.00e-12 1 #codeine: cOpt 1
1.8042410000e-06 1.00e-04 1.00e-12 1 #codeine: cOpt 1
1.1511300000e-07 1.00e-04 1.00e-12 1 #codeine: cOpt 1
6.4137600000e-07 1.00e-04 1.00e-12 1 #codeine: cOpt 1
5.8979000000e-07 1.00e-04 1.00e-12 1 #codeine: cOpt 1
1.0083660000e-06 1.00e-04 1.00e-12 1 #codeine: cOpt 1
2.6548320000e-06 1.00e-04 1.00e-12 1 #codeine: cOpt 1
1.7429280000e-06 1.00e-04 1.00e-12 1 #codeine: cOpt 1
9.9077400000e-07 1.00e-04 1.00e-12 1 #codeine: cOpt 1
1.3487580000e-06 1.00e-04 1.00e-12 1 #codeine: cOpt 1
7.7097200000e-07 1.00e-04 1.00e-12 1 #codeine: cOpt 1
1.6443620000e-06 1.00e-04 1.00e-12 1 #codeine: cOpt 1
1.1795320000e-06 1.00e-04 1.00e-12 1 #codeine: cOpt 1
2.0859700000e-07 1.00e-04 1.00e-12 1 #codeine: cOpt 1
1.9093600000e-07 1.00e-04 1.00e-12 1 #codeine: cOpt 1
2.7460300000e-07 1.00e-04 1.00e-12 1 #codeine: cOpt 1
2.4012200000e-07 1.00e-04 1.00e-12 1 #codeine: cOpt 1
2.8391100000e-07 1.00e-04 1.00e-12 1 #codeine: cOpt 1
1.5046900000e-06 1.00e-04 1.00e-12 1 #codeine: cOpt 1
5.9400500000e-07 1.00e-04 1.00e-12 1 #codeine: cOpt 1
5.8506000000e-08 1.00e-04 1.00e-12 1 #codeine: cOpt 1
2.0673800000e-07 1.00e-04 1.00e-12 1 #codeine: cOpt 1
7.0909000000e-08 1.00e-04 1.00e-12 1 #codeine: cOpt 1
6.3151200000e-07 1.00e-04 1.00e-12 1 #codeine: cOpt 1
2.1165000000e-07 1.00e-04 1.00e-12 1 #codeine: cOpt 1
3.6832000000e-07 1.00e-04 1.00e-12 1 #codeine: cOpt 1
3.0116800000e-07 1.00e-04 1.00e-12 1 #codeine: cOpt 1
2.5016200000e-07 1.00e-04 1.00e-12 1 #codeine: cOpt 1
7.9471600000e-07 1.00e-04 1.00e-12 1 #codeine: cOpt 1
1.5223650000e-06 1.00e-04 1.00e-12 1 #codeine: cOpt 1
1.3178300000e-06 1.00e-04 1.00e-12 1 #codeine: cOpt 1
2.1412500000e-07 1.00e-04 1.00e-12 1 #codeine: cOpt 1
8.6478900000e-07 1.00e-04 1.00e-12 1 #codeine: cOpt 1
1.0573550000e-06 1.00e-04 1.00e-12 1 #codeine: cOpt 1
6.7449000000e-08 1.00e-04 1.00e-12 1 #codeine: cOpt 1
1.3683900000e-06 1.00e-04 1.00e-12 1 #codeine: cOpt 1
8.4728900000e-07 1.00e-04 1.00e-12 1 #codeine: cOpt 1
3.4189360000e-06 1.00e-04 1.00e-12 1 #codeine: cOpt 1
1.5777110000e-06 1.00e-04 1.00e-12 1 #codeine: cOpt 1
4.8343900000e-07 1.00e-04 1.00e-12 1 #codeine: cOpt 1
4.3201000000e-07 1.00e-04 1.00e-12 1 #codeine: cOpt 1
1.2238270000e-06 1.00e-04 1.00e-12 1 #codeine: cOpt 1
1.2420470000e-06 1.00e-04 1.00e-12 1 #codeine: cOpt 1
8.8697400000e-07 1.00e-04 1.00e-12 1 #codeine: cOpt 1
1.0190640000e-06 1.00e-04 1.00e-12 1 #codeine: cOpt 1
1.4465000000e-07 1.00e-04 1.00e-12 1 #codeine: cOpt 1
2.2557570000e-06 1.00e-04 1.00e-12 1 #codeine: cOpt 1
5.3046300000e-07 1.00e-04 1.00e-12 1 #codeine: cOpt 1
2.5082200000e-07 1.00e-04 1.00e-12 1 #codeine: cOpt 1
2.1532900000e-07 1.00e-04 1.00e-12 1 #codeine: cOpt 1
5.3905900000e-07 1.00e-04 1.00e-12 1 #codeine: cOpt 1
2.4044000000e-07 1.00e-04 1.00e-12 1 #codeine: cOpt 1
1.0104970000e-06 1.00e-04 1.00e-12 1 #codeine: cOpt 1
9.3578900000e-07 1.00e-04 1.00e-12 1 #codeine: cOpt 1
1.8508090000e-06 1.00e-04 1.00e-12 1 #codeine: cOpt 1
3.3127500000e-07 1.00e-04 1.00e-12 1 #codeine: cOpt 1
1.7690570000e-06 1.00e-04 1.00e-12 1 #codeine: cOpt 1
1.2813510000e-06 1.00e-04 1.00e-12 1 #codeine: cOpt 1
1.6091430000e-06 1.00e-04 1.00e-12 1 #codeine: cOpt 1
1.4307900000e-07 1.00e-04 1.00e-12 1 #codeine: cOpt 1
7.1560300000e-07 1.00e-04 1.00e-12 1 #codeine: cOpt 1
1.8593400000e-07 1.00e-04 1.00e-12 1 #codeine: cOpt 1
9.2429000000e-08 1.00e-04 1.00e-12 1 #codeine: cOpt 1
1.4352500000e-06 1.00e-04 1.00e-12 1 #codeine: cOpt 1
3.8306400000e-07 1.00e-04 1.00e-12 1 #codeine: cOpt 1
1.0539400000e-07 1.00e-04 1.00e-12 1 #codeine: cOpt 1
1.6945500000e-06 1.00e-04 1.00e-12 1 #codeine: cOpt 1
3.2970160000e-06 1.00e-04 1.00e-12 1 #codeine: cOpt 1
1.6068400000e-07 1.00e-04 1.00e-12 1 #codeine: cOpt 1
8.5119700000e-07 1.00e-04 1.00e-12 1 #codeine: cOpt 1
9.8355700000e-07 1.00e-04 1.00e-12 1 #codeine: cOpt 1
5.8215200000e-07 1.00e-04 1.00e-12 1 #codeine: cOpt 1
5.6349700000e-07 1.00e-04 1.00e-12 1 #codeine: cOpt 1
4.7362500000e-07 1.00e-04 1.00e-12 1 #codeine: cOpt 1
1.4372910000e-06 1.00e-04 1.00e-12 1 #codeine: cOpt 1
1.8821040000e-06 1.00e-04 1.00e-12 1 #codeine: cOpt 1
2.1957200000e-07 1.00e-04 1.00e-12 1 #codeine: cOpt 1
4.1757900000e-07 1.00e-04 1.00e-12 1 #codeine: cOpt 1
2.3987900000e-07 1.00e-04 1.00e-12 1 #codeine: cOpt 1
4.0649200000e-07 1.00e-04 1.00e-12 1 #codeine: cOpt 1
4.2700680000e-06 1.00e-04 1.00e-12 1 #codeine: cOpt 1
6.6054800000e-07 1.00e-04 1.00e-12 1 #codeine: cOpt 1
1.6302000000e-06 1.00e-04 1.00e-12 1 #codeine: cOpt 1
9.1959000000e-08 1.00e-04 1.00e-12 1 #codeine: cOpt 1
1.1445400000e-07 1.00e-04 1.00e-12 1 #codeine: cOpt 1
6.8196500000e-07 1.00e-04 1.00e-12 1 #codeine: cOpt 1
9.4366500000e-07 1.00e-04 1.00e-12 1 #codeine: cOpt 1
9.3211300000e-07 1.00e-04 1.00e-12 1 #codeine: cOpt 1
1.8640000000e-07 1.00e-04 1.00e-12 1 #codeine: cOpt 1
9.6247300000e-07 1.00e-04 1.00e-12 1 #codeine: cOpt 1
1.4318970000e-06 1.00e-04 1.00e-12 1 #codeine: cOpt 1
1.2392200000e-07 1.00e-04 1.00e-12 1 #codeine: cOpt 1
5.4626500000e-07 1.00e-04 1.00e-12 1 #codeine: cOpt 1
1.5596400000e-07 1.00e-04 1.00e-12 1 #codeine: cOpt 1
3.4569600000e-07 1.00e-04 1.00e-12 1 #codeine: cOpt 1
6.0489600000e-07 1.00e-04 1.00e-12 1 #codeine: cOpt 1
1.6332230000e-06 1.00e-04 1.00e-12 1 #codeine: cOpt 1
2.3607700000e-07 1.00e-04 1.00e-12 1 #codeine: cOpt 1
1.3905890000e-06 1.00e-04 1.00e-12 1 #codeine: cOpt 1
7.3108000000e-08 1.00e-04 1.00e-12 1 #codeine: cOpt 1
4.6538200000e-07 1.00e-04 1.00e-12 1 #codeine: cOpt 1
9.7002500000e-07 1.00e-04 1.00e-12 1 #codeine: cOpt 1
1.0363940000e-06 1.00e-04 1.00e-12 1 #codeine: cOpt 1
2.2668190000e-06 1.00e-04 1.00e-12 1 #codeine: cOpt 1
2.8232300000e-06 1.00e-04 1.00e-12 1 #codeine: cOpt 1
6.3901200000e-07 1.00e-04 1.00e-12 1 #codeine: cOpt 1
2.2741220000e-06 1.00e-04 1.00e-12 1 #codeine: cOpt 1
1.5363620000e-06 1.00e-04 1.00e-12 1 #codeine: cOpt 1
1.6093390000e-06 1.00e-04 1.00e-12 1 #codeine: cOpt 1
2.2567620000e-06 1.00e-04 1.00e-12 1 #codeine: cOpt 1
1.4282490000e-06 1.00e-04 1.00e-12 1 #codeine: cOpt 1
1.2786500000e-07 1.00e-04 1.00e-12 1 #codeine: cOpt 1
7.2635300000e-07 1.00e-04 1.00e-12 1 #codeine: cOpt 1
1.4381430000e-06 1.00e-04 1.00e-12 1 #codeine: cOpt 1
1.9607690000e-06 1.00e-04 1.00e-12 1 #codeine: cOpt 1
2.3951730000e-06 1.00e-04 1.00e-12 1 #codeine: cOpt 1
5.9715600000e-07 1.00e-04 1.00e-12 1 #codeine: cOpt 1
2.4173800000e-07 1.00e-04 1.00e-12 1 #codeine: cOpt 1
7.5899700000e-07 1.00e-04 1.00e-12 1 #codeine: cOpt 1
1.1554400000e-06 1.00e-04 1.00e-12 1 #codeine: cOpt 1
3.9928500000e-07 1.00e-04 1.00e-12 1 #codeine: cOpt 1
1.3968040000e-06 1.00e-04 1.00e-12 1 #codeine: cOpt 1
3.6769400000e-07 1.00e-04 1.00e-12 1 #codeine: cOpt 1
2.6455100000e-06 1.00e-04 1.00e-12 1 #codeine: cOpt 1
1.7491310000e-06 1.00e-04 1.00e-12 1 #codeine: cOpt 1
3.9406600000e-07 1.00e-04 1.00e-12 1 #codeine: cOpt 1
4.3551300000e-07 1.00e-04 1.00e-12 1 #codeine: cOpt 1
1.8910100000e-07 1.00e-04 1.00e-12 1 #codeine: cOpt 1
9.5285600000e-07 1.00e-04 1.00e-12 1 #codeine: cOpt 1
2.8326400000e-06 1.00e-04 1.00e-12 1 #codeine: cOpt 1
8.1693800000e-07 1.00e-04 1.00e-12 1 #codeine: cOpt 1
4.4053600000e-07 1.00e-04 1.00e-12 1 #codeine: cOpt 1
2.1484500000e-07 1.00e-04 1.00e-12 1 #codeine: cOpt 1
1.0093920000e-06 1.00e-04 1.00e-12 1 #codeine: cOpt 1
1.4165790000e-06 1.00e-04 1.00e-12 1 #codeine: cOpt 1
7.6352500000e-07 1.00e-04 1.00e-12 1 #codeine: cOpt 1
3.1422710000e-06 1.00e-04 1.00e-12 1 #codeine: cOpt 1
2.0902400000e-07 1.00e-04 1.00e-12 1 #codeine: cOpt 1
1.0285100000e-07 1.00e-04 1.00e-12 1 #codeine: cOpt 1
5.6834100000e-07 1.00e-04 1.00e-12 1 #codeine: cOpt 1
5.0739000000e-08 1.00e-04 1.00e-12 1 #codeine: cOpt 1
1.3493010000e-06 1.00e-04 1.00e-12 1 #codeine: cOpt 1
9.5214400000e-07 1.00e-04 1.00e-12 1 #codeine: cOpt 1
9.1610000000e-08 1.00e-04 1.00e-12 1 #codeine: cOpt 1
2.2869440000e-06 1.00e-04 1.00e-12 1 #codeine: cOpt 1
1.2598900000e-07 1.00e-04 1.00e-12 1 #codeine: cOpt 1
9.3713400000e-07 1.00e-04 1.00e-12 1 #codeine: cOpt 1
7.9389400000e-07 1.00e-04 1.00e-12 1 #codeine: cOpt 1
1.8592000000e-06 1.00e-04 1.00e-12 1 #codeine: cOpt 1
7.4205300000e-07 1.00e-04 1.00e-12 1 #codeine: cOpt 1
1.2125600000e-07 1.00e-04 1.00e-12 1 #codeine: cOpt 1
2.8073500000e-07 1.00e-04 1.00e-12 1 #codeine: cOpt 1
3.6415870000e-06 1.00e-04 1.00e-12 1 #codeine: cOpt 1
2.5466600000e-07 1.00e-04 1.00e-12 1 #codeine: cOpt 1
2.5069530000e-06 1.00e-04 1.00e-12 1 #codeine: cOpt 1
3.6149600000e-07 1.00e-04 1.00e-12 1 #codeine: cOpt 1
1.0060350000e-06 1.00e-04 1.00e-12 1 #codeine: cOpt 1
9.6990000000e-08 1.00e-04 1.00e-12 1 #codeine: cOpt 1
2.9395700000e-07 1.00e-04 1.00e-12 1 #codeine: cOpt 1
9.8461500000e-07 1.00e-04 1.00e-12 1 #codeine: cOpt 1
1.9481500000e-07 1.00e-04 1.00e-12 1 #codeine: cOpt 1
1.5305320000e-06 1.00e-04 1.00e-12 1 #codeine: cOpt 1
5.4609770000e-06 1.00e-04 1.00e-12 1 #codeine: cOpt 1
7.1099400000e-07 1.00e-04 1.00e-12 1 #codeine: cOpt 1
5.4306800000e-07 1.00e-04 1.00e-12 1 #codeine: cOpt 1
1.6003610000e-06 1.00e-04 1.00e-12 1 #codeine: cOpt 1
3.1157400000e-07 1.00e-04 1.00e-12 1 #codeine: cOpt 1
6.2720800000e-07 1.00e-04 1.00e-12 1 #codeine: cOpt 1
9.7414000000e-07 1.00e-04 1.00e-12 1 #codeine: cOpt 1
7.9770200000e-07 1.00e-04 1.00e-12 1 #codeine: cOpt 1
7.5196000000e-08 1.00e-04 1.00e-12 1 #codeine: cOpt 1
3.1919100000e-07 1.00e-04 1.00e-12 1 #codeine: cOpt 1
4.0166400000e-07 1.00e-04 1.00e-12 1 #codeine: cOpt 1
7.9339300000e-07 1.00e-04 1.00e-12 1 #codeine: cOpt 1
6.4143800000e-07 1.00e-04 1.00e-12 1 #codeine: cOpt 1
1.9086500000e-07 1.00e-04 1.00e-12 1 #codeine: cOpt 1
1.6991700000e-07 1.00e-04 1.00e-12 1 #codeine: cOpt 1
1.7587900000e-06 1.00e-04 1.00e-12 1 #codeine: cOpt 1
3.2065300000e-07 1.00e-04 1.00e-12 1 #codeine: cOpt 1
1.1485580000e-06 1.00e-04 1.00e-12 1 #codeine: cOpt 1
1.2178770000e-06 1.00e-04 1.00e-12 1 #codeine: cOpt 1
1.9779100000e-06 1.00e-04 1.00e-12 1 #codeine: cOpt 1
9.1485200000e-07 1.00e-04 1.00e-12 1 #codeine: cOpt 1
1.4389000000e-06 1.00e-04 1.00e-12 1 #codeine: cOpt 1
1.7558410000e-06 1.00e-04 1.00e-12 1 #codeine: cOpt 1
6.4808700000e-07 1.00e-04 1.00e-12 1 #codeine: cOpt 1
3.1148700000e-07 1.00e-04 1.00e-12 1 #codeine: cOpt 1
1.0107150000e-06 1.00e-04 1.00e-12 1 #codeine: cOpt 1
1.5226680000e-06 1.00e-04 1.00e-12 1 #codeine: cOpt 1
9.0726300000e-07 1.00e-04 1.00e-12 1 #codeine: cOpt 1
9.0012000000e-08 1.00e-04 1.00e-12 1 #codeine: cOpt 1
3.2435100000e-07 1.00e-04 1.00e-12 1 #codeine: cOpt 1
1.1154370000e-06 1.00e-04 1.00e-12 1 #codeine: cOpt 1
3.8486920000e-06 1.00e-04 1.00e-12 1 #codeine: cOpt 1
8.8156900000e-07 1.00e-04 1.00e-12 1 #codeine: cOpt 1
7.1343600000e-07 1.00e-04 1.00e-12 1 #codeine: cOpt 1
1.3212000000e-07 1.00e-04 1.00e-12 1 #codeine: cOpt 1
1.3198350000e-06 1.00e-04 1.00e-12 1 #codeine: cOpt 1
7.3130700000e-07 1.00e-04 1.00e-12 1 #codeine: cOpt 1
1.0865970000e-06 1.00e-04 1.00e-12 1 #codeine: cOpt 1
6.2882100000e-07 1.00e-04 1.00e-12 1 #codeine: cOpt 1
3.4522500000e-07 1.00e-04 1.00e-12 1 #codeine: cOpt 1
6.9926200000e-07 1.00e-04 1.00e-12 1 #codeine: cOpt 1
1.1649220000e-06 1.00e-04 1.00e-12 1 #codeine: cOpt 1
9.3391400000e-07 1.00e-04 1.00e-12 1 #codeine: cOpt 1
1.2379870000e-06 1.00e-04 1.00e-12 1 #codeine: cOpt 1
3.6690700000e-07 1.00e-04 1.00e-12 1 #codeine: cOpt 1
3.3419040000e-06 1.00e-04 1.00e-12 1 #codeine: cOpt 1
6.9851400000e-07 1.00e-04 1.00e-12 1 #codeine: cOpt 1
1.3692640000e-06 1.00e-04 1.00e-12 1 #codeine: cOpt 1
6.2415300000e-07 1.00e-04 1.00e-12 1 #codeine: cOpt 1
5.5479600000e-07 1.00e-04 1.00e-12 1 #codeine: cOpt 1
1.1248980000e-06 1.00e-04 1.00e-12 1 #codeine: cOpt 1
6.4986000000e-08 1.00e-04 1.00e-12 1 #codeine: cOpt 1
4.2273300000e-07 1.00e-04 1.00e-12 1 #codeine: cOpt 1
2.0764720000e-06 1.00e-04 1.00e-12 1 #codeine: cOpt 1
5.0450800000e-07 1.00e-04 1.00e-12 1 #codeine: cOpt 1
2.4037270000e-06 1.00e-04 1.00e-12 1 #codeine: cOpt 1
2.0649900000e-07 1.00e-04 1.00e-12 1 #codeine: cOpt 1
2.0030070000e-06 1.00e-04 1.00e-12 1 #codeine: cOpt 1
1.7828500000e-06 1.00e-04 1.00e-12 1 #codeine: cOpt 1
1.0228160000e-06 1.00e-04 1.00e-12 1 #codeine: cOpt 1
4.4662800000e-07 1.00e-04 1.00e-12 1 #codeine: cOpt 1
6.0382800000e-07 1.00e-04 1.00e-12 1 #codeine: cOpt 1
1.8125810000e-06 1.00e-04 1.00e-12 1 #codeine: cOpt 1
1.0894420000e-06 1.00e-04 1.00e-12 1 #codeine: cOpt 1
5.8742200000e-07 1.00e-04 1.00e-12 1 #codeine: cOpt 1
5.6034500000e-07 1.00e-04 1.00e-12 1 #codeine: cOpt 1
2.0642830000e-06 1.00e-04 1.00e-12 1 #codeine: cOpt 1
1.7962260000e-06 1.00e-04 1.00e-12 1 #codeine: cOpt 1
6.3347700000e-07 1.00e-04 1.00e-12 1 #codeine: cOpt 1
2.9641000000e-07 1.00e-04 1.00e-12 1 #codeine: cOpt 1
2.8539900000e-07 1.00e-04 1.00e-12 1 #codeine: cOpt 1
5.0988700000e-07 1.00e-04 1.00e-12 1 #codeine: cOpt 1
3.5490800000e-07 1.00e-04 1.00e-12 1 #codeine: cOpt 1
3.9277600000e-07 1.00e-04 1.00e-12 1 #codeine: cOpt 1
3.5337100000e-07 1.00e-04 1.00e-12 1 #codeine: cOpt 1
2.6072380000e-06 1.00e-04 1.00e-12 1 #codeine: cOpt 1
2.0539710000e-06 1.00e-04 1.00e-12 1 #codeine: cOpt 1
2.2254500000e-07 1.00e-04 1.00e-12 1 #codeine: cOpt 1
2.1210980000e-06 1.00e-04 1.00e-12 1 #codeine: cOpt 1
5.7561900000e-07 1.00e-04 1.00e-12 1 #codeine: cOpt 1
4.3416300000e-07 1.00e-04 1.00e-12 1 #codeine: cOpt 1
6.8829200000e-07 1.00e-04 1.00e-12 1 #codeine: cOpt 1
6.7234300000e-07 1.00e-04 1.00e-12 1 #codeine: cOpt 1
4.2796500000e-07 1.00e-04 1.00e-12 1 #codeine: cOpt 1
6.1324400000e-07 1.00e-04 1.00e-12 1 #codeine: cOpt 1
2.8124630000e-06 1.00e-04 1.00e-12 1 #codeine: cOpt 1
4.7768500000e-07 1.00e-04 1.00e-12 1 #codeine: cOpt 1
9.5544500000e-07 1.00e-04 1.00e-12 1 #codeine: cOpt 1
2.2807500000e-07 1.00e-04 1.00e-12 1 #codeine: cOpt 1
3.7128500000e-07 1.00e-04 1.00e-12 1 #codeine: cOpt 1
1.1514160000e-06 1.00e-04 1.00e-12 1 #codeine: cOpt 1
2.7844980000e-06 1.00e-04 1.00e-12 1 #codeine: cOpt 1
9.4260300000e-07 1.00e-04 1.00e-12 1 #codeine: cOpt 1
1.3919850000e-06 1.00e-04 1.00e-12 1 #codeine: cOpt 1
2.4411700000e-07 1.00e-04 1.00e-12 1 #codeine: cOpt 1
2.9945000000e-07 1.00e-04 1.00e-12 1 #codeine: cOpt 1
7.8738500000e-07 1.00e-04 1.00e-12 1 #codeine: cOpt 1
2.6474200000e-07 1.00e-04 1.00e-12 1 #codeine: cOpt 1
1.5321590000e-06 1.00e-04 1.00e-12 1 #codeine: cOpt 1
1.3838790000e-06 1.00e-04 1.00e-12 1 #codeine: cOpt 1
1.1193500000e-07 1.00e-04 1.00e-12 1 #codeine: cOpt 1
4.5530750000e-06 1.00e-04 1.00e-12 1 #codeine: cOpt 1
2.7629040000e-06 1.00e-04 1.00e-12 1 #codeine: cOpt 1
7.1956000000e-08 1.00e-04 1.00e-12 1 #codeine: cOpt 1
6.9497400000e-07 1.00e-04 1.00e-12 1 #codeine: cOpt 1
7.0895900000e-07 1.00e-04 1.00e-12 1 #codeine: cOpt 1
4.8825000000e-08 1.00e-04 1.00e-12 1 #codeine: cOpt 1
4.6639300000e-07 1.00e-04 1.00e-12 1 #codeine: cOpt 1
1.8944200000e-07 1.00e-04 1.00e-12 1 #codeine: cOpt 1
5.7580000000e-07 1.00e-04 1.00e-12 1 #codeine: cOpt 1
1.4776820000e-06 1.00e-04 1.00e-12 1 #codeine: cOpt 1
7.5956600000e-07 1.00e-04 1.00e-12 1 #codeine: cOpt 1
1.2992040000e-06 1.00e-04 1.00e-12 1 #codeine: cOpt 1
1.0764770000e-06 1.00e-04 1.00e-12 1 #codeine: cOpt 1
8.9993000000e-07 1.00e-04 1.00e-12 1 #codeine: cOpt 1
2.2006370000e-06 1.00e-04 1.00e-12 1 #codeine: cOpt 1
2.6777800000e-07 1.00e-04 1.00e-12 1 #codeine: cOpt 1
2.4911550000e-06 1.00e-04 1.00e-12 1 #codeine: cOpt 1
7.1219400000e-07 1.00e-04 1.00e-12 1 #codeine: cOpt 1
6.9713700000e-07 1.00e-04 1.00e-12 1 #codeine: cOpt 1
3.6110100000e-07 1.00e-04 1.00e-12 1 #codeine: cOpt 1
1.3445560000e-06 1.00e-04 1.00e-12 1 #codeine: cOpt 1
5.2997000000e-07 1.00e-04 1.00e-12 1 #codeine: cOpt 1
1.9889900000e-07 1.00e-04 1.00e-12 1 #codeine: cOpt 1
4.7789400000e-07 1.00e-04 1.00e-12 1 #codeine: cOpt 1
1.5284520000e-06 1.00e-04 1.00e-12 1 #codeine: cOpt 1
1.1168260000e-06 1.00e-04 1.00e-12 1 #codeine: cOpt 1
5.8253800000e-07 1.00e-04 1.00e-12 1 #codeine: cOpt 1
6.5820600000e-07 1.00e-04 1.00e-12 1 #codeine: cOpt 1
1.7509470000e-06 1.00e-04 1.00e-12 1 #codeine: cOpt 1
3.3569700000e-07 1.00e-04 1.00e-12 1 #codeine: cOpt 1
4.1734900000e-07 1.00e-04 1.00e-12 1 #codeine: cOpt 1
3.6167400000e-07 1.00e-04 1.00e-12 1 #codeine: cOpt 1
2.0746360000e-06 1.00e-04 1.00e-12 1 #codeine: cOpt 1
6.1163600000e-07 1.00e-04 1.00e-12 1 #codeine: cOpt 1
1.2538400000e-06 1.00e-04 1.00e-12 1 #codeine: cOpt 1
6.3502600000e-07 1.00e-04 1.00e-12 1 #codeine: cOpt 1
1.9044100000e-07 1.00e-04 1.00e-12 1 #codeine: cOpt 1
7.0266900000e-07 1.00e-04 1.00e-12 1 #codeine: cOpt 1
6.2351400000e-07 1.00e-04 1.00e-12 1 #codeine: cOpt 1
1.7752520000e-06 1.00e-04 1.00e-12 1 #codeine: cOpt 1
3.8182100000e-07 1.00e-04 1.00e-12 1 #codeine: cOpt 1
2.2870100000e-06 1.00e-04 1.00e-12 1 #codeine: cOpt 1
1.5346200000e-07 1.00e-04 1.00e-12 1 #codeine: cOpt 1
1.1583230000e-06 1.00e-04 1.00e-12 1 #codeine: cOpt 1
1.4672330000e-06 1.00e-04 1.00e-12 1 #codeine: cOpt 1
9.5920700000e-07 1.00e-04 1.00e-12 1 #codeine: cOpt 1
2.1286670000e-06 1.00e-04 1.00e-12 1 #codeine: cOpt 1
2.4733590000e-06 1.00e-04 1.00e-12 1 #codeine: cOpt 1
1.9788630000e-06 1.00e-04 1.00e-12 1 #codeine: cOpt 1
2.1745700000e-07 1.00e-04 1.00e-12 1 #codeine: cOpt 1
1.6922480000e-06 1.00e-04 1.00e-12 1 #codeine: cOpt 1
1.9167020000e-06 1.00e-04 1.00e-12 1 #codeine: cOpt 1
4.2645000000e-08 1.00e-04 1.00e-12 1 #codeine: cOpt 1
3.6886450000e-06 1.00e-04 1.00e-12 1 #codeine: cOpt 1
8.3381200000e-07 1.00e-04 1.00e-12 1 #codeine: cOpt 1
4.2312800000e-07 1.00e-04 1.00e-12 1 #codeine: cOpt 1
4.1703800000e-07 1.00e-04 1.00e-12 1 #codeine: cOpt 1
2.4529040000e-06 1.00e-04 1.00e-12 1 #codeine: cOpt 1
3.1835800000e-07 1.00e-04 1.00e-12 1 #codeine: cOpt 1
5.1503000000e-08 1.00e-04 1.00e-12 1 #codeine: cOpt 1
7.7349800000e-07 1.00e-04 1.00e-12 1 #codeine: cOpt 1
1.9276850000e-06 1.00e-04 1.00e-12 1 #codeine: cOpt 1
5.1450100000e-07 1.00e-04 1.00e-12 1 #codeine: cOpt 1
3.6306000000e-07 1.00e-04 1.00e-12 1 #codeine: cOpt 1
5.9521300000e-07 1.00e-04 1.00e-12 1 #codeine: cOpt 1
4.3154500000e-07 1.00e-04 1.00e-12 1 #codeine: cOpt 1
2.6140900000e-06 1.00e-04 1.00e-12 1 #codeine: cOpt 1
3.7391000000e-08 1.00e-04 1.00e-12 1 #codeine: cOpt 1
1.4585040000e-06 1.00e-04 1.00e-12 1 #codeine: cOpt 1
1.7330070000e-06 1.00e-04 1.00e-12 1 #codeine: cOpt 1
1.4386180000e-06 1.00e-04 1.00e-12 1 #codeine: cOpt 1
1.3555300000e-07 1.00e-04 1.00e-12 1 #codeine: cOpt 1
3.7977300000e-07 1.00e-04 1.00e-12 1 #codeine: cOpt 1
5.9696500000e-07 1.00e-04 1.00e-12 1 #codeine: cOpt 1
3.1351000000e-07 1.00e-04 1.00e-12 1 #codeine: cOpt 1
8.9922500000e-07 1.00e-04 1.00e-12 1 #codeine: cOpt 1
1.8482510000e-06 1.00e-04 1.00e-12 1 #codeine: cOpt 1
1.2035040000e-06 1.00e-04 1.00e-12 1 #codeine: cOpt 1
2.1924630000e-06 1.00e-04 1.00e-12 1 #codeine: cOpt 1
1.5651860000e-06 1.00e-04 1.00e-12 1 #codeine: cOpt 1
2.4933770000e-06 1.00e-04 1.00e-12 1 #codeine: cOpt 1
1.3801800000e-07 1.00e-04 1.00e-12 1 #codeine: cOpt 1
4.0616630000e-06 1.00e-04 1.00e-12 1 #codeine: cOpt 1
2.8888710000e-06 1.00e-04 1.00e-12 1 #codeine: cOpt 1
2.1101200000e-07 1.00e-04 1.00e-12 1 #codeine: cOpt 1
1.0006190000e-06 1.00e-04 1.00e-12 1 #codeine: cOpt 1
5.0721000000e-08 1.00e-04 1.00e-12 1 #codeine: cOpt 1
3.1747890000e-06 1.00e-04 1.00e-12 1 #codeine: cOpt 1
8.0450300000e-07 1.00e-04 1.00e-12 1 #codeine: cOpt 1
5.1209400000e-07 1.00e-04 1.00e-12 1 #codeine: cOpt 1
1.2650240000e-06 1.00e-04 1.00e-12 1 #codeine: cOpt 1
1.4960130000e-06 1.00e-04 1.00e-12 1 #codeine: cOpt 1
1.0897280000e-06 1.00e-04 1.00e-12 1 #codeine: cOpt 1
1.5891970000e-06 1.00e-04 1.00e-12 1 #codeine: cOpt 1
1.8561160000e-06 1.00e-04 1.00e-12 1 #codeine: cOpt 1
1.2917660000e-06 1.00e-04 1.00e-12 1 #codeine: cOpt 1
4.5874400000e-07 1.00e-04 1.00e-12 1 #codeine: cOpt 1
1.4330090000e-06 1.00e-04 1.00e-12 1 #codeine: cOpt 1
1.4702040000e-06 1.00e-04 1.00e-12 1 #codeine: cOpt 1
3.7536000000e-08 1.00e-04 1.00e-12 1 #codeine: cOpt 1
3.6542400000e-07 1.00e-04 1.00e-12 1 #codeine: cOpt 1
4.4291010000e-06 1.00e-04 1.00e-12 1 #codeine: cOpt 1
1.9989450000e-06 1.00e-04 1.00e-12 1 #codeine: cOpt 1
3.1315190000e-06 1.00e-04 1.00e-12 1 #codeine: cOpt 1
3.3889440000e-06 1.00e-04 1.00e-12 1 #codeine: cOpt 1
2.3534340000e-06 1.00e-04 1.00e-12 1 #codeine: cOpt 1
1.0984570000e-06 1.00e-04 1.00e-12 1 #codeine: cOpt 1
3.2161540000e-06 1.00e-04 1.00e-12 1 #codeine: cOpt 1
1.4139600000e-07 1.00e-04 1.00e-12 1 #codeine: cOpt 1
1.5062400000e-07 1.00e-04 1.00e-12 1 #codeine: cOpt 1
3.2807720000e-06 1.00e-04 1.00e-12 1 #codeine: cOpt 1
3.2567100000e-07 1.00e-04 1.00e-12 1 #codeine: cOpt 1
6.1460700000e-07 1.00e-04 1.00e-12 1 #codeine: cOpt 1
3.2970300000e-06 1.00e-04 1.00e-12 1 #codeine: cOpt 1
8.8708700000e-07 1.00e-04 1.00e-12 1 #codeine: cOpt 1
3.2867500000e-07 1.00e-04 1.00e-12 1 #codeine: cOpt 1
3.1456700000e-07 1.00e-04 1.00e-12 1 #codeine: cOpt 1
5.3228400000e-07 1.00e-04 1.00e-12 1 #codeine: cOpt 1
2.9755180000e-06 1.00e-04 1.00e-12 1 #codeine: cOpt 1
3.0109280000e-06 1.00e-04 1.00e-12 1 #codeine: cOpt 1
3.2156700000e-07 1.00e-04 1.00e-12 1 #codeine: cOpt 1
4.4919600000e-07 1.00e-04 1.00e-12 1 #codeine: cOpt 1
1.4539250000e-06 1.00e-04 1.00e-12 1 #codeine: cOpt 1
3.2156700000e-07 1.00e-04 1.00e-12 1 #codeine: cOpt 1
8.1510900000e-07 1.00e-04 1.00e-12 1 #codeine: cOpt 1
3.2422990000e-06 1.00e-04 1.00e-12 1 #codeine: cOpt 1
2.9589840000e-06 1.00e-04 1.00e-12 1 #codeine: cOpt 1
1.6363300000e-06 1.00e-04 1.00e-12 1 #codeine: cOpt 1
3.9814820000e-06 1.00e-04 1.00e-12 1 #codeine: cOpt 1
4.1532900000e-06 1.00e-04 1.00e-12 1 #codeine: cOpt 1
3.9100630000e-06 1.00e-04 1.00e-12 1 #codeine: cOpt 1
