#time length dt bq #name: cOpt
2.9607420000e-06 1.00e+00 1.00e-12 1 #urea: cOpt 1
3.7897820000e-06 1.00e+00 1.00e-12 1 #urea: cOpt 1
1.0726254000e-05 1.00e+00 1.00e-12 1 #urea: cOpt 1
1.0942582000e-05 1.00e+00 1.00e-12 1 #urea: cOpt 1
1.5936661000e-05 1.00e+00 1.00e-12 1 #urea: cOpt 1
2.5404876000e-05 1.00e+00 1.00e-12 1 #urea: cOpt 1
3.1451752000e-05 1.00e+00 1.00e-12 1 #urea: cOpt 1
4.0369746000e-05 1.00e+00 1.00e-12 1 #urea: cOpt 1
4.4139632000e-05 1.00e+00 1.00e-12 1 #urea: cOpt 1
4.9450911000e-05 1.00e+00 1.00e-12 1 #urea: cOpt 1
5.4959339000e-05 1.00e+00 1.00e-12 1 #urea: cOpt 1
4.4365841000e-05 1.00e+00 1.00e-12 1 #urea: cOpt 1
6.9377964000e-05 1.00e+00 1.00e-12 1 #urea: cOpt 1
1.0283246800e-04 1.00e+00 1.00e-12 1 #urea: cOpt 1
5.1071561000e-05 1.00e+00 1.00e-12 1 #urea: cOpt 1
1.0822729000e-04 1.00e+00 1.00e-12 1 #urea: cOpt 1
1.1078709100e-04 1.00e+00 1.00e-12 1 #urea: cOpt 1
1.3284331400e-04 1.00e+00 1.00e-12 1 #urea: cOpt 1
3.3187305000e-05 1.00e+00 1.00e-12 1 #urea: cOpt 1
1.4836252400e-04 1.00e+00 1.00e-12 1 #urea: cOpt 1
1.2561489000e-05 1.00e+00 1.00e-12 1 #urea: cOpt 1
1.5100576700e-04 1.00e+00 1.00e-12 1 #urea: cOpt 1
1.6450900800e-04 1.00e+00 1.00e-12 1 #urea: cOpt 1
1.6314868100e-04 1.00e+00 1.00e-12 1 #urea: cOpt 1
1.8877870000e-05 1.00e+00 1.00e-12 1 #urea: cOpt 1
1.7681863300e-04 1.00e+00 1.00e-12 1 #urea: cOpt 1
1.5165760400e-04 1.00e+00 1.00e-12 1 #urea: cOpt 1
1.7990663600e-04 1.00e+00 1.00e-12 1 #urea: cOpt 1
1.2808343000e-04 1.00e+00 1.00e-12 1 #urea: cOpt 1
1.8215049000e-04 1.00e+00 1.00e-12 1 #urea: cOpt 1
1.9732426500e-04 1.00e+00 1.00e-12 1 #urea: cOpt 1
1.3457428400e-04 1.00e+00 1.00e-12 1 #urea: cOpt 1
9.4791303000e-05 1.00e+00 1.00e-12 1 #urea: cOpt 1
6.1518096000e-05 1.00e+00 1.00e-12 1 #urea: cOpt 1
1.0564140000e-05 1.00e+00 1.00e-12 1 #urea: cOpt 1
2.1322824100e-04 1.00e+00 1.00e-12 1 #urea: cOpt 1
2.2158141100e-04 1.00e+00 1.00e-12 1 #urea: cOpt 1
1.8484634300e-04 1.00e+00 1.00e-12 1 #urea: cOpt 1
2.3739231700e-04 1.00e+00 1.00e-12 1 #urea: cOpt 1
2.3361300300e-04 1.00e+00 1.00e-12 1 #urea: cOpt 1
1.4478169300e-04 1.00e+00 1.00e-12 1 #urea: cOpt 1
4.0990290000e-05 1.00e+00 1.00e-12 1 #urea: cOpt 1
3.0190255600e-04 1.00e+00 1.00e-12 1 #urea: cOpt 1
3.1998594300e-04 1.00e+00 1.00e-12 1 #urea: cOpt 1
3.2235317300e-04 1.00e+00 1.00e-12 1 #urea: cOpt 1
1.3282399000e-05 1.00e+00 1.00e-12 1 #urea: cOpt 1
3.9909290000e-06 1.00e+00 1.00e-12 1 #urea: cOpt 1
3.3415603700e-04 1.00e+00 1.00e-12 1 #urea: cOpt 1
1.8211081700e-04 1.00e+00 1.00e-12 1 #urea: cOpt 1
1.6177770000e-04 1.00e+00 1.00e-12 1 #urea: cOpt 1
1.7519329600e-04 1.00e+00 1.00e-12 1 #urea: cOpt 1
3.5853332600e-04 1.00e+00 1.00e-12 1 #urea: cOpt 1
3.5629317800e-04 1.00e+00 1.00e-12 1 #urea: cOpt 1
1.8426171000e-05 1.00e+00 1.00e-12 1 #urea: cOpt 1
1.8291413800e-04 1.00e+00 1.00e-12 1 #urea: cOpt 1
2.6268582500e-04 1.00e+00 1.00e-12 1 #urea: cOpt 1
2.0680006000e-04 1.00e+00 1.00e-12 1 #urea: cOpt 1
1.5582126400e-04 1.00e+00 1.00e-12 1 #urea: cOpt 1
2.6783032700e-04 1.00e+00 1.00e-12 1 #urea: cOpt 1
4.1774476300e-04 1.00e+00 1.00e-12 1 #urea: cOpt 1
4.0566260700e-04 1.00e+00 1.00e-12 1 #urea: cOpt 1
3.9812032700e-04 1.00e+00 1.00e-12 1 #urea: cOpt 1
4.1997658900e-04 1.00e+00 1.00e-12 1 #urea: cOpt 1
4.5653405300e-04 1.00e+00 1.00e-12 1 #urea: cOpt 1
4.5227375500e-04 1.00e+00 1.00e-12 1 #urea: cOpt 1
4.7785095500e-04 1.00e+00 1.00e-12 1 #urea: cOpt 1
4.8114242100e-04 1.00e+00 1.00e-12 1 #urea: cOpt 1
1.0639848200e-04 1.00e+00 1.00e-12 1 #urea: cOpt 1
4.7454969200e-04 1.00e+00 1.00e-12 1 #urea: cOpt 1
2.9068749600e-04 1.00e+00 1.00e-12 1 #urea: cOpt 1
4.1938931100e-04 1.00e+00 1.00e-12 1 #urea: cOpt 1
2.6420976900e-04 1.00e+00 1.00e-12 1 #urea: cOpt 1
1.7654212100e-04 1.00e+00 1.00e-12 1 #urea: cOpt 1
5.1328951600e-04 1.00e+00 1.00e-12 1 #urea: cOpt 1
5.0461358700e-04 1.00e+00 1.00e-12 1 #urea: cOpt 1
5.0845492800e-04 1.00e+00 1.00e-12 1 #urea: cOpt 1
4.5824543300e-04 1.00e+00 1.00e-12 1 #urea: cOpt 1
5.6235144900e-04 1.00e+00 1.00e-12 1 #urea: cOpt 1
2.4285113500e-04 1.00e+00 1.00e-12 1 #urea: cOpt 1
4.3191191000e-04 1.00e+00 1.00e-12 1 #urea: cOpt 1
2.4927733400e-04 1.00e+00 1.00e-12 1 #urea: cOpt 1
3.7170475000e-04 1.00e+00 1.00e-12 1 #urea: cOpt 1
2.7081400300e-04 1.00e+00 1.00e-12 1 #urea: cOpt 1
4.5942513700e-04 1.00e+00 1.00e-12 1 #urea: cOpt 1
4.8233145500e-04 1.00e+00 1.00e-12 1 #urea: cOpt 1
7.3181168100e-04 1.00e+00 1.00e-12 1 #urea: cOpt 1
6.5214384700e-04 1.00e+00 1.00e-12 1 #urea: cOpt 1
7.8501646400e-04 1.00e+00 1.00e-12 1 #urea: cOpt 1
4.7072875900e-04 1.00e+00 1.00e-12 1 #urea: cOpt 1
4.2831386000e-04 1.00e+00 1.00e-12 1 #urea: cOpt 1
5.5466501600e-04 1.00e+00 1.00e-12 1 #urea: cOpt 1
5.8883413700e-04 1.00e+00 1.00e-12 1 #urea: cOpt 1
9.7242047600e-04 1.00e+00 1.00e-12 1 #urea: cOpt 1
1.0301844710e-03 1.00e+00 1.00e-12 1 #urea: cOpt 1
8.5387920300e-04 1.00e+00 1.00e-12 1 #urea: cOpt 1
9.0835786500e-04 1.00e+00 1.00e-12 1 #urea: cOpt 1
1.1413058680e-03 1.00e+00 1.00e-12 1 #urea: cOpt 1
1.1144811770e-03 1.00e+00 1.00e-12 1 #urea: cOpt 1
1.1069871250e-03 1.00e+00 1.00e-12 1 #urea: cOpt 1
1.6004436080e-03 1.00e+00 1.00e-12 1 #urea: cOpt 1
2.9513740000e-05 1.50e+00 1.00e-12 1 #urea: cOpt 1
3.6369279000e-05 1.50e+00 1.00e-12 1 #urea: cOpt 1
4.4031162000e-05 1.50e+00 1.00e-12 1 #urea: cOpt 1
1.6993906000e-05 1.50e+00 1.00e-12 1 #urea: cOpt 1
5.7054387000e-05 1.50e+00 1.00e-12 1 #urea: cOpt 1
5.4702899000e-05 1.50e+00 1.00e-12 1 #urea: cOpt 1
5.4651851000e-05 1.50e+00 1.00e-12 1 #urea: cOpt 1
6.9019289000e-05 1.50e+00 1.00e-12 1 #urea: cOpt 1
6.5009197000e-05 1.50e+00 1.00e-12 1 #urea: cOpt 1
7.0419400000e-05 1.50e+00 1.00e-12 1 #urea: cOpt 1
8.5359478000e-05 1.50e+00 1.00e-12 1 #urea: cOpt 1
5.0627010000e-05 1.50e+00 1.00e-12 1 #urea: cOpt 1
1.0732102200e-04 1.50e+00 1.00e-12 1 #urea: cOpt 1
1.1244443800e-04 1.50e+00 1.00e-12 1 #urea: cOpt 1
8.8014341000e-05 1.50e+00 1.00e-12 1 #urea: cOpt 1
1.4892933200e-04 1.50e+00 1.00e-12 1 #urea: cOpt 1
1.6817902100e-04 1.50e+00 1.00e-12 1 #urea: cOpt 1
1.5167884000e-04 1.50e+00 1.00e-12 1 #urea: cOpt 1
1.6854971100e-04 1.50e+00 1.00e-12 1 #urea: cOpt 1
1.8503096300e-04 1.50e+00 1.00e-12 1 #urea: cOpt 1
2.7402381000e-05 1.50e+00 1.00e-12 1 #urea: cOpt 1
1.4502748500e-04 1.50e+00 1.00e-12 1 #urea: cOpt 1
1.3724320800e-04 1.50e+00 1.00e-12 1 #urea: cOpt 1
1.8891354000e-04 1.50e+00 1.00e-12 1 #urea: cOpt 1
1.9500235400e-04 1.50e+00 1.00e-12 1 #urea: cOpt 1
4.2339553000e-05 1.50e+00 1.00e-12 1 #urea: cOpt 1
3.6810707000e-05 1.50e+00 1.00e-12 1 #urea: cOpt 1
1.9933303300e-04 1.50e+00 1.00e-12 1 #urea: cOpt 1
1.8422571000e-04 1.50e+00 1.00e-12 1 #urea: cOpt 1
1.0209551000e-05 1.50e+00 1.00e-12 1 #urea: cOpt 1
1.6438204200e-04 1.50e+00 1.00e-12 1 #urea: cOpt 1
2.7034052000e-04 1.50e+00 1.00e-12 1 #urea: cOpt 1
1.1175445900e-04 1.50e+00 1.00e-12 1 #urea: cOpt 1
9.0885741000e-05 1.50e+00 1.00e-12 1 #urea: cOpt 1
2.3887604600e-04 1.50e+00 1.00e-12 1 #urea: cOpt 1
3.5839073000e-05 1.50e+00 1.00e-12 1 #urea: cOpt 1
1.0812742400e-04 1.50e+00 1.00e-12 1 #urea: cOpt 1
6.7461310000e-06 1.50e+00 1.00e-12 1 #urea: cOpt 1
3.3244329100e-04 1.50e+00 1.00e-12 1 #urea: cOpt 1
2.5870508700e-04 1.50e+00 1.00e-12 1 #urea: cOpt 1
1.3420054800e-04 1.50e+00 1.00e-12 1 #urea: cOpt 1
3.7917947600e-04 1.50e+00 1.00e-12 1 #urea: cOpt 1
1.8902309000e-04 1.50e+00 1.00e-12 1 #urea: cOpt 1
2.7075763900e-04 1.50e+00 1.00e-12 1 #urea: cOpt 1
3.3164799000e-04 1.50e+00 1.00e-12 1 #urea: cOpt 1
9.1861760000e-06 1.50e+00 1.00e-12 1 #urea: cOpt 1
1.0504743100e-04 1.50e+00 1.00e-12 1 #urea: cOpt 1
2.6399343000e-05 1.50e+00 1.00e-12 1 #urea: cOpt 1
4.2244911300e-04 1.50e+00 1.00e-12 1 #urea: cOpt 1
2.4330719700e-04 1.50e+00 1.00e-12 1 #urea: cOpt 1
1.9833606500e-04 1.50e+00 1.00e-12 1 #urea: cOpt 1
1.7826514700e-04 1.50e+00 1.00e-12 1 #urea: cOpt 1
4.1687821000e-05 1.50e+00 1.00e-12 1 #urea: cOpt 1
1.0137228000e-04 1.50e+00 1.00e-12 1 #urea: cOpt 1
1.0987879000e-05 1.50e+00 1.00e-12 1 #urea: cOpt 1
4.9850056000e-05 1.50e+00 1.00e-12 1 #urea: cOpt 1
4.8381061500e-04 1.50e+00 1.00e-12 1 #urea: cOpt 1
3.0799077100e-04 1.50e+00 1.00e-12 1 #urea: cOpt 1
3.9538134800e-04 1.50e+00 1.00e-12 1 #urea: cOpt 1
9.4157542000e-05 1.50e+00 1.00e-12 1 #urea: cOpt 1
3.3388033800e-04 1.50e+00 1.00e-12 1 #urea: cOpt 1
2.7114951100e-04 1.50e+00 1.00e-12 1 #urea: cOpt 1
2.3479048000e-04 1.50e+00 1.00e-12 1 #urea: cOpt 1
1.6599548700e-04 1.50e+00 1.00e-12 1 #urea: cOpt 1
1.8426439100e-04 1.50e+00 1.00e-12 1 #urea: cOpt 1
4.6424400000e-07 1.50e+00 1.00e-12 1 #urea: cOpt 1
7.1586476000e-05 1.50e+00 1.00e-12 1 #urea: cOpt 1
1.4848699900e-04 1.50e+00 1.00e-12 1 #urea: cOpt 1
3.2062822800e-04 1.50e+00 1.00e-12 1 #urea: cOpt 1
3.2031650000e-05 1.50e+00 1.00e-12 1 #urea: cOpt 1
6.1802626800e-04 1.50e+00 1.00e-12 1 #urea: cOpt 1
1.9102857800e-04 1.50e+00 1.00e-12 1 #urea: cOpt 1
3.8735668200e-04 1.50e+00 1.00e-12 1 #urea: cOpt 1
3.3886083900e-04 1.50e+00 1.00e-12 1 #urea: cOpt 1
4.5027086300e-04 1.50e+00 1.00e-12 1 #urea: cOpt 1
4.7799251400e-04 1.50e+00 1.00e-12 1 #urea: cOpt 1
1.2936329000e-04 1.50e+00 1.00e-12 1 #urea: cOpt 1
2.2221602800e-04 1.50e+00 1.00e-12 1 #urea: cOpt 1
2.7552025900e-04 1.50e+00 1.00e-12 1 #urea: cOpt 1
3.0606559400e-04 1.50e+00 1.00e-12 1 #urea: cOpt 1
6.7852946000e-05 1.50e+00 1.00e-12 1 #urea: cOpt 1
8.0304438000e-05 1.50e+00 1.00e-12 1 #urea: cOpt 1
2.8071378000e-04 1.50e+00 1.00e-12 1 #urea: cOpt 1
1.3239014600e-04 1.50e+00 1.00e-12 1 #urea: cOpt 1
4.9318781000e-04 1.50e+00 1.00e-12 1 #urea: cOpt 1
6.9239751400e-04 1.50e+00 1.00e-12 1 #urea: cOpt 1
2.9768782000e-05 1.50e+00 1.00e-12 1 #urea: cOpt 1
8.1166044300e-04 1.50e+00 1.00e-12 1 #urea: cOpt 1
4.2286844300e-04 1.50e+00 1.00e-12 1 #urea: cOpt 1
4.1361116100e-04 1.50e+00 1.00e-12 1 #urea: cOpt 1
9.5392889700e-04 1.50e+00 1.00e-12 1 #urea: cOpt 1
4.2166981000e-05 1.50e+00 1.00e-12 1 #urea: cOpt 1
7.2773510100e-04 1.50e+00 1.00e-12 1 #urea: cOpt 1
8.2131026700e-04 1.50e+00 1.00e-12 1 #urea: cOpt 1
1.4892500000e-06 1.00e+00 1.00e-12 1 #urea: cOpt 1
2.4250190000e-06 1.00e+00 1.00e-12 1 #urea: cOpt 1
4.6340770000e-06 1.00e+00 1.00e-12 1 #urea: cOpt 1
5.1625960000e-06 1.00e+00 1.00e-12 1 #urea: cOpt 1
2.2307412000e-05 1.00e+00 1.00e-12 1 #urea: cOpt 1
3.1555620000e-05 1.00e+00 1.00e-12 1 #urea: cOpt 1
4.1955013000e-05 1.00e+00 1.00e-12 1 #urea: cOpt 1
4.1306713000e-05 1.00e+00 1.00e-12 1 #urea: cOpt 1
4.5967210000e-05 1.00e+00 1.00e-12 1 #urea: cOpt 1
4.7937775000e-05 1.00e+00 1.00e-12 1 #urea: cOpt 1
4.7749193000e-05 1.00e+00 1.00e-12 1 #urea: cOpt 1
5.2361766000e-05 1.00e+00 1.00e-12 1 #urea: cOpt 1
1.1562767000e-05 1.00e+00 1.00e-12 1 #urea: cOpt 1
1.2837191000e-05 1.00e+00 1.00e-12 1 #urea: cOpt 1
6.3722762000e-05 1.00e+00 1.00e-12 1 #urea: cOpt 1
8.0326744000e-05 1.00e+00 1.00e-12 1 #urea: cOpt 1
8.1510395000e-05 1.00e+00 1.00e-12 1 #urea: cOpt 1
8.4729086000e-05 1.00e+00 1.00e-12 1 #urea: cOpt 1
9.3216459000e-05 1.00e+00 1.00e-12 1 #urea: cOpt 1
1.0533154600e-04 1.00e+00 1.00e-12 1 #urea: cOpt 1
1.1029472500e-04 1.00e+00 1.00e-12 1 #urea: cOpt 1
1.1377240700e-04 1.00e+00 1.00e-12 1 #urea: cOpt 1
1.1785488400e-04 1.00e+00 1.00e-12 1 #urea: cOpt 1
1.2269128800e-04 1.00e+00 1.00e-12 1 #urea: cOpt 1
1.3485066300e-04 1.00e+00 1.00e-12 1 #urea: cOpt 1
2.1783601000e-05 1.00e+00 1.00e-12 1 #urea: cOpt 1
1.4058581700e-04 1.00e+00 1.00e-12 1 #urea: cOpt 1
1.2111851600e-04 1.00e+00 1.00e-12 1 #urea: cOpt 1
1.8694561000e-05 1.00e+00 1.00e-12 1 #urea: cOpt 1
1.3646931700e-04 1.00e+00 1.00e-12 1 #urea: cOpt 1
1.6776027100e-04 1.00e+00 1.00e-12 1 #urea: cOpt 1
4.1861465000e-05 1.00e+00 1.00e-12 1 #urea: cOpt 1
3.0308370000e-05 1.00e+00 1.00e-12 1 #urea: cOpt 1
1.9167802800e-04 1.00e+00 1.00e-12 1 #urea: cOpt 1
2.6875772000e-05 1.00e+00 1.00e-12 1 #urea: cOpt 1
1.9524050200e-04 1.00e+00 1.00e-12 1 #urea: cOpt 1
1.3597289400e-04 1.00e+00 1.00e-12 1 #urea: cOpt 1
1.2098397000e-04 1.00e+00 1.00e-12 1 #urea: cOpt 1
2.1970236000e-04 1.00e+00 1.00e-12 1 #urea: cOpt 1
2.1815792200e-04 1.00e+00 1.00e-12 1 #urea: cOpt 1
2.2710409100e-04 1.00e+00 1.00e-12 1 #urea: cOpt 1
1.5208609700e-04 1.00e+00 1.00e-12 1 #urea: cOpt 1
6.6814633000e-05 1.00e+00 1.00e-12 1 #urea: cOpt 1
2.3989838100e-04 1.00e+00 1.00e-12 1 #urea: cOpt 1
1.0535077500e-04 1.00e+00 1.00e-12 1 #urea: cOpt 1
2.4812888500e-04 1.00e+00 1.00e-12 1 #urea: cOpt 1
2.5274142400e-04 1.00e+00 1.00e-12 1 #urea: cOpt 1
2.2165930000e-04 1.00e+00 1.00e-12 1 #urea: cOpt 1
1.5651859400e-04 1.00e+00 1.00e-12 1 #urea: cOpt 1
8.8959957000e-05 1.00e+00 1.00e-12 1 #urea: cOpt 1
2.7526054000e-04 1.00e+00 1.00e-12 1 #urea: cOpt 1
2.1432184800e-04 1.00e+00 1.00e-12 1 #urea: cOpt 1
2.3652526100e-04 1.00e+00 1.00e-12 1 #urea: cOpt 1
3.0452156500e-04 1.00e+00 1.00e-12 1 #urea: cOpt 1
3.1509876200e-04 1.00e+00 1.00e-12 1 #urea: cOpt 1
3.2639104500e-04 1.00e+00 1.00e-12 1 #urea: cOpt 1
2.0947226800e-04 1.00e+00 1.00e-12 1 #urea: cOpt 1
9.3270600000e-05 1.00e+00 1.00e-12 1 #urea: cOpt 1
3.0545357000e-05 1.00e+00 1.00e-12 1 #urea: cOpt 1
3.6500107600e-04 1.00e+00 1.00e-12 1 #urea: cOpt 1
6.4226138000e-05 1.00e+00 1.00e-12 1 #urea: cOpt 1
1.6654458500e-04 1.00e+00 1.00e-12 1 #urea: cOpt 1
2.2987523000e-04 1.00e+00 1.00e-12 1 #urea: cOpt 1
2.2045530000e-05 1.00e+00 1.00e-12 1 #urea: cOpt 1
1.3951722000e-04 1.00e+00 1.00e-12 1 #urea: cOpt 1
3.5070380700e-04 1.00e+00 1.00e-12 1 #urea: cOpt 1
3.7806947800e-04 1.00e+00 1.00e-12 1 #urea: cOpt 1
2.4592619200e-04 1.00e+00 1.00e-12 1 #urea: cOpt 1
4.5678890000e-06 1.00e+00 1.00e-12 1 #urea: cOpt 1
1.6796942500e-04 1.00e+00 1.00e-12 1 #urea: cOpt 1
4.3344823400e-04 1.00e+00 1.00e-12 1 #urea: cOpt 1
1.7632278000e-04 1.00e+00 1.00e-12 1 #urea: cOpt 1
3.9725011600e-04 1.00e+00 1.00e-12 1 #urea: cOpt 1
3.6550404000e-04 1.00e+00 1.00e-12 1 #urea: cOpt 1
1.9053014300e-04 1.00e+00 1.00e-12 1 #urea: cOpt 1
6.6286790000e-06 1.00e+00 1.00e-12 1 #urea: cOpt 1
2.6856534800e-04 1.00e+00 1.00e-12 1 #urea: cOpt 1
4.0432466800e-04 1.00e+00 1.00e-12 1 #urea: cOpt 1
5.4987218000e-05 1.00e+00 1.00e-12 1 #urea: cOpt 1
5.0038752600e-04 1.00e+00 1.00e-12 1 #urea: cOpt 1
9.6597720000e-06 1.00e+00 1.00e-12 1 #urea: cOpt 1
4.3028527000e-05 1.00e+00 1.00e-12 1 #urea: cOpt 1
4.9971563300e-04 1.00e+00 1.00e-12 1 #urea: cOpt 1
6.0518401000e-05 1.00e+00 1.00e-12 1 #urea: cOpt 1
3.1919397800e-04 1.00e+00 1.00e-12 1 #urea: cOpt 1
1.5226952500e-04 1.00e+00 1.00e-12 1 #urea: cOpt 1
2.6640707400e-04 1.00e+00 1.00e-12 1 #urea: cOpt 1
2.8648955000e-05 1.00e+00 1.00e-12 1 #urea: cOpt 1
3.4095789000e-05 1.00e+00 1.00e-12 1 #urea: cOpt 1
5.4160100800e-04 1.00e+00 1.00e-12 1 #urea: cOpt 1
5.4826978800e-04 1.00e+00 1.00e-12 1 #urea: cOpt 1
1.1823426600e-04 1.00e+00 1.00e-12 1 #urea: cOpt 1
5.7362504200e-04 1.00e+00 1.00e-12 1 #urea: cOpt 1
5.5966523200e-04 1.00e+00 1.00e-12 1 #urea: cOpt 1
4.5001724500e-04 1.00e+00 1.00e-12 1 #urea: cOpt 1
3.7538058500e-04 1.00e+00 1.00e-12 1 #urea: cOpt 1
6.8950162000e-05 1.00e+00 1.00e-12 1 #urea: cOpt 1
1.1592417900e-04 1.00e+00 1.00e-12 1 #urea: cOpt 1
5.0139312500e-04 1.00e+00 1.00e-12 1 #urea: cOpt 1
2.4449934700e-04 1.00e+00 1.00e-12 1 #urea: cOpt 1
3.3320084100e-04 1.00e+00 1.00e-12 1 #urea: cOpt 1
7.5683900000e-06 1.00e+00 1.00e-12 1 #urea: cOpt 1
3.1285006200e-04 1.00e+00 1.00e-12 1 #urea: cOpt 1
2.8803959000e-05 1.00e+00 1.00e-12 1 #urea: cOpt 1
3.9598381600e-04 1.00e+00 1.00e-12 1 #urea: cOpt 1
3.1798489300e-04 1.00e+00 1.00e-12 1 #urea: cOpt 1
1.0893557100e-04 1.00e+00 1.00e-12 1 #urea: cOpt 1
2.2909045000e-04 1.00e+00 1.00e-12 1 #urea: cOpt 1
2.3837616700e-04 1.00e+00 1.00e-12 1 #urea: cOpt 1
1.7120746000e-05 1.00e+00 1.00e-12 1 #urea: cOpt 1
4.3016040100e-04 1.00e+00 1.00e-12 1 #urea: cOpt 1
4.5368974500e-04 1.00e+00 1.00e-12 1 #urea: cOpt 1
2.8340583500e-04 1.00e+00 1.00e-12 1 #urea: cOpt 1
2.6496103000e-05 1.00e+00 1.00e-12 1 #urea: cOpt 1
8.1348610000e-05 1.00e+00 1.00e-12 1 #urea: cOpt 1
2.0295468900e-04 1.00e+00 1.00e-12 1 #urea: cOpt 1
3.4975961000e-04 1.00e+00 1.00e-12 1 #urea: cOpt 1
2.4335709100e-04 1.00e+00 1.00e-12 1 #urea: cOpt 1
6.8147390300e-04 1.00e+00 1.00e-12 1 #urea: cOpt 1
1.0455924100e-04 1.00e+00 1.00e-12 1 #urea: cOpt 1
7.3273343000e-05 1.00e+00 1.00e-12 1 #urea: cOpt 1
1.3738141200e-04 1.00e+00 1.00e-12 1 #urea: cOpt 1
1.0118642300e-04 1.00e+00 1.00e-12 1 #urea: cOpt 1
7.3763081000e-05 1.00e+00 1.00e-12 1 #urea: cOpt 1
4.1205170000e-05 1.00e+00 1.00e-12 1 #urea: cOpt 1
1.5530695900e-04 1.00e+00 1.00e-12 1 #urea: cOpt 1
3.9624290600e-04 1.00e+00 1.00e-12 1 #urea: cOpt 1
7.0852509900e-04 1.00e+00 1.00e-12 1 #urea: cOpt 1
3.6793106000e-05 1.00e+00 1.00e-12 1 #urea: cOpt 1
2.5135120000e-04 1.00e+00 1.00e-12 1 #urea: cOpt 1
1.7529801000e-04 1.00e+00 1.00e-12 1 #urea: cOpt 1
2.5924907200e-04 1.00e+00 1.00e-12 1 #urea: cOpt 1
5.9251603000e-05 1.00e+00 1.00e-12 1 #urea: cOpt 1
7.6216963100e-04 1.00e+00 1.00e-12 1 #urea: cOpt 1
1.8640240000e-05 1.00e+00 1.00e-12 1 #urea: cOpt 1
8.8220723000e-05 1.00e+00 1.00e-12 1 #urea: cOpt 1
1.2366310600e-04 1.00e+00 1.00e-12 1 #urea: cOpt 1
1.2416695100e-04 1.00e+00 1.00e-12 1 #urea: cOpt 1
1.1445784700e-04 1.00e+00 1.00e-12 1 #urea: cOpt 1
1.9800129200e-04 1.00e+00 1.00e-12 1 #urea: cOpt 1
7.4727600000e-05 1.00e+00 1.00e-12 1 #urea: cOpt 1
2.2521723200e-04 1.00e+00 1.00e-12 1 #urea: cOpt 1
2.2106350400e-04 1.00e+00 1.00e-12 1 #urea: cOpt 1
2.1263569600e-04 1.00e+00 1.00e-12 1 #urea: cOpt 1
2.3190185100e-04 1.00e+00 1.00e-12 1 #urea: cOpt 1
9.0717082000e-04 1.00e+00 1.00e-12 1 #urea: cOpt 1
1.8518602000e-04 1.00e+00 1.00e-12 1 #urea: cOpt 1
1.8488033200e-04 1.00e+00 1.00e-12 1 #urea: cOpt 1
6.9445947300e-04 1.00e+00 1.00e-12 1 #urea: cOpt 1
1.1071966000e-05 1.00e+00 1.00e-12 1 #urea: cOpt 1
1.0137049300e-04 1.00e+00 1.00e-12 1 #urea: cOpt 1
6.7896336400e-04 1.00e+00 1.00e-12 1 #urea: cOpt 1
2.6216985000e-05 1.00e+00 1.00e-12 1 #urea: cOpt 1
3.0559644500e-04 1.00e+00 1.00e-12 1 #urea: cOpt 1
2.5504827700e-04 1.00e+00 1.00e-12 1 #urea: cOpt 1
1.6649765300e-04 1.00e+00 1.00e-12 1 #urea: cOpt 1
9.4548917300e-04 1.00e+00 1.00e-12 1 #urea: cOpt 1
3.5680729000e-05 1.00e+00 1.00e-12 1 #urea: cOpt 1
7.1343346700e-04 1.00e+00 1.00e-12 1 #urea: cOpt 1
3.7915152000e-05 1.00e+00 1.00e-12 1 #urea: cOpt 1
2.2633045100e-04 1.00e+00 1.00e-12 1 #urea: cOpt 1
7.6136981100e-04 1.00e+00 1.00e-12 1 #urea: cOpt 1
4.5877688900e-04 1.00e+00 1.00e-12 1 #urea: cOpt 1
2.6648643100e-04 1.00e+00 1.00e-12 1 #urea: cOpt 1
5.5309944500e-04 1.00e+00 1.00e-12 1 #urea: cOpt 1
8.4334127700e-04 1.00e+00 1.00e-12 1 #urea: cOpt 1
3.5966894000e-05 1.00e+00 1.00e-12 1 #urea: cOpt 1
8.8532188000e-05 1.00e+00 1.00e-12 1 #urea: cOpt 1
2.4715198000e-05 1.00e+00 1.00e-12 1 #urea: cOpt 1
3.5028514400e-04 1.00e+00 1.00e-12 1 #urea: cOpt 1
2.9713208600e-04 1.00e+00 1.00e-12 1 #urea: cOpt 1
8.2051226000e-05 1.00e+00 1.00e-12 1 #urea: cOpt 1
2.8427451800e-04 1.00e+00 1.00e-12 1 #urea: cOpt 1
2.4197628300e-04 1.00e+00 1.00e-12 1 #urea: cOpt 1
1.0946199700e-04 1.00e+00 1.00e-12 1 #urea: cOpt 1
1.9003582300e-04 1.00e+00 1.00e-12 1 #urea: cOpt 1
4.0851853500e-04 1.00e+00 1.00e-12 1 #urea: cOpt 1
6.8152676000e-05 1.00e+00 1.00e-12 1 #urea: cOpt 1
9.1525239000e-05 1.00e+00 1.00e-12 1 #urea: cOpt 1
1.0799037860e-03 1.00e+00 1.00e-12 1 #urea: cOpt 1
2.1387753800e-04 1.00e+00 1.00e-12 1 #urea: cOpt 1
7.6244856000e-05 1.00e+00 1.00e-12 1 #urea: cOpt 1
3.9274600000e-06 1.00e+00 1.00e-12 1 #urea: cOpt 1
4.5453602900e-04 1.00e+00 1.00e-12 1 #urea: cOpt 1
1.9529977100e-04 1.00e+00 1.00e-12 1 #urea: cOpt 1
2.5670116900e-04 1.00e+00 1.00e-12 1 #urea: cOpt 1
1.0972612800e-04 1.00e+00 1.00e-12 1 #urea: cOpt 1
4.1411477400e-04 1.00e+00 1.00e-12 1 #urea: cOpt 1
1.1186164000e-05 1.00e+00 1.00e-12 1 #urea: cOpt 1
1.6326330000e-06 1.00e+00 1.00e-12 1 #urea: cOpt 1
1.6106816900e-04 1.00e+00 1.00e-12 1 #urea: cOpt 1
1.6943827900e-04 1.00e+00 1.00e-12 1 #urea: cOpt 1
5.1060140000e-05 1.00e+00 1.00e-12 1 #urea: cOpt 1
4.0083301000e-05 1.00e+00 1.00e-12 1 #urea: cOpt 1
6.3098876200e-04 1.00e+00 1.00e-12 1 #urea: cOpt 1
1.0581403600e-04 1.00e+00 1.00e-12 1 #urea: cOpt 1
2.1088375000e-04 1.00e+00 1.00e-12 1 #urea: cOpt 1
2.1338890000e-06 1.00e+00 1.00e-12 1 #urea: cOpt 1
7.1960465200e-04 1.00e+00 1.00e-12 1 #urea: cOpt 1
4.6820295300e-04 1.00e+00 1.00e-12 1 #urea: cOpt 1
4.8700175400e-04 1.00e+00 1.00e-12 1 #urea: cOpt 1
2.5271308700e-04 1.00e+00 1.00e-12 1 #urea: cOpt 1
5.2271224300e-04 1.00e+00 1.00e-12 1 #urea: cOpt 1
3.6515871000e-04 1.00e+00 1.00e-12 1 #urea: cOpt 1
5.8735953400e-04 1.00e+00 1.00e-12 1 #urea: cOpt 1
5.6071597000e-05 1.00e+00 1.00e-12 1 #urea: cOpt 1
6.6339051000e-05 1.00e+00 1.00e-12 1 #urea: cOpt 1
3.5586922600e-04 1.00e+00 1.00e-12 1 #urea: cOpt 1
8.4365743000e-05 1.00e+00 1.00e-12 1 #urea: cOpt 1
5.0981710000e-05 1.00e+00 1.00e-12 1 #urea: cOpt 1
2.5903011300e-04 1.00e+00 1.00e-12 1 #urea: cOpt 1
1.0456318950e-03 1.00e+00 1.00e-12 1 #urea: cOpt 1
4.7196944100e-04 1.00e+00 1.00e-12 1 #urea: cOpt 1
1.3879465500e-04 1.00e+00 1.00e-12 1 #urea: cOpt 1
1.8816208900e-04 1.00e+00 1.00e-12 1 #urea: cOpt 1
7.4230414000e-04 1.00e+00 1.00e-12 1 #urea: cOpt 1
2.6115858300e-04 1.00e+00 1.00e-12 1 #urea: cOpt 1
8.0926750200e-04 1.00e+00 1.00e-12 1 #urea: cOpt 1
5.2608370000e-05 1.00e+00 1.00e-12 1 #urea: cOpt 1
2.0017164900e-04 1.00e+00 1.00e-12 1 #urea: cOpt 1
1.6639607500e-04 1.00e+00 1.00e-12 1 #urea: cOpt 1
3.4971232000e-05 1.00e+00 1.00e-12 1 #urea: cOpt 1
6.8427400000e-05 1.00e+00 1.00e-12 1 #urea: cOpt 1
2.5564624400e-04 1.00e+00 1.00e-12 1 #urea: cOpt 1
3.2037864700e-04 1.00e+00 1.00e-12 1 #urea: cOpt 1
2.7269647500e-04 1.00e+00 1.00e-12 1 #urea: cOpt 1
1.0066273300e-03 1.00e+00 1.00e-12 1 #urea: cOpt 1
4.2689846000e-04 1.00e+00 1.00e-12 1 #urea: cOpt 1
2.4741528800e-04 1.00e+00 1.00e-12 1 #urea: cOpt 1
1.9831868500e-04 1.00e+00 1.00e-12 1 #urea: cOpt 1
1.2071742000e-05 1.00e+00 1.00e-12 1 #urea: cOpt 1
6.6273902700e-04 1.00e+00 1.00e-12 1 #urea: cOpt 1
9.6423624000e-05 1.00e+00 1.00e-12 1 #urea: cOpt 1
3.2656472400e-04 1.00e+00 1.00e-12 1 #urea: cOpt 1
2.2138727700e-04 1.00e+00 1.00e-12 1 #urea: cOpt 1
1.8803641500e-04 1.00e+00 1.00e-12 1 #urea: cOpt 1
6.5699790000e-06 1.00e+00 1.00e-12 1 #urea: cOpt 1
1.6323989100e-04 1.00e+00 1.00e-12 1 #urea: cOpt 1
6.0767905200e-04 1.00e+00 1.00e-12 1 #urea: cOpt 1
8.8698822000e-05 1.00e+00 1.00e-12 1 #urea: cOpt 1
2.5161200600e-04 1.00e+00 1.00e-12 1 #urea: cOpt 1
1.5359873700e-04 1.00e+00 1.00e-12 1 #urea: cOpt 1
5.3515570000e-06 1.00e+00 1.00e-12 1 #urea: cOpt 1
4.1817758200e-04 1.00e+00 1.00e-12 1 #urea: cOpt 1
4.5676778000e-05 1.00e+00 1.00e-12 1 #urea: cOpt 1
3.8342093000e-05 1.00e+00 1.00e-12 1 #urea: cOpt 1
1.0052673800e-03 1.00e+00 1.00e-12 1 #urea: cOpt 1
4.9479284600e-04 1.00e+00 1.00e-12 1 #urea: cOpt 1
4.4575372500e-04 1.00e+00 1.00e-12 1 #urea: cOpt 1
5.3236288600e-04 1.00e+00 1.00e-12 1 #urea: cOpt 1
1.1625572550e-03 1.00e+00 1.00e-12 1 #urea: cOpt 1
1.8319013700e-04 1.00e+00 1.00e-12 1 #urea: cOpt 1
1.6007681000e-04 1.00e+00 1.00e-12 1 #urea: cOpt 1
2.0302768300e-04 1.00e+00 1.00e-12 1 #urea: cOpt 1
1.1736546560e-03 1.00e+00 1.00e-12 1 #urea: cOpt 1
4.8151838300e-04 1.00e+00 1.00e-12 1 #urea: cOpt 1
4.2134626000e-05 1.00e+00 1.00e-12 1 #urea: cOpt 1
4.9573384100e-04 1.00e+00 1.00e-12 1 #urea: cOpt 1
5.4647686400e-04 1.00e+00 1.00e-12 1 #urea: cOpt 1
9.8596480000e-05 1.00e+00 1.00e-12 1 #urea: cOpt 1
2.0671294100e-04 1.00e+00 1.00e-12 1 #urea: cOpt 1
2.0208762000e-05 1.00e+00 1.00e-12 1 #urea: cOpt 1
6.9732696300e-04 1.00e+00 1.00e-12 1 #urea: cOpt 1
2.6917567200e-04 1.00e+00 1.00e-12 1 #urea: cOpt 1
9.1589660000e-06 1.00e+00 1.00e-12 1 #urea: cOpt 1
2.3752261600e-04 1.00e+00 1.00e-12 1 #urea: cOpt 1
1.2463237800e-04 1.00e+00 1.00e-12 1 #urea: cOpt 1
1.0326369200e-04 1.00e+00 1.00e-12 1 #urea: cOpt 1
1.2871541300e-04 1.00e+00 1.00e-12 1 #urea: cOpt 1
9.2979824000e-05 1.00e+00 1.00e-12 1 #urea: cOpt 1
8.8457138200e-04 1.00e+00 1.00e-12 1 #urea: cOpt 1
3.4977891000e-04 1.00e+00 1.00e-12 1 #urea: cOpt 1
8.5496223000e-05 1.00e+00 1.00e-12 1 #urea: cOpt 1
2.2451905600e-04 1.00e+00 1.00e-12 1 #urea: cOpt 1
6.2877164800e-04 1.00e+00 1.00e-12 1 #urea: cOpt 1
3.0762957000e-05 1.00e+00 1.00e-12 1 #urea: cOpt 1
2.5612286800e-04 1.00e+00 1.00e-12 1 #urea: cOpt 1
2.5838873900e-04 1.00e+00 1.00e-12 1 #urea: cOpt 1
5.9623934700e-04 1.00e+00 1.00e-12 1 #urea: cOpt 1
4.3004022200e-04 1.00e+00 1.00e-12 1 #urea: cOpt 1
3.8007973000e-05 1.00e+00 1.00e-12 1 #urea: cOpt 1
2.7247094000e-04 1.00e+00 1.00e-12 1 #urea: cOpt 1
7.1918873700e-04 1.00e+00 1.00e-12 1 #urea: cOpt 1
9.7377467000e-05 1.00e+00 1.00e-12 1 #urea: cOpt 1
5.2830045000e-05 1.00e+00 1.00e-12 1 #urea: cOpt 1
8.5429740000e-06 1.00e+00 1.00e-12 1 #urea: cOpt 1
8.5655847000e-05 1.00e+00 1.00e-12 1 #urea: cOpt 1
7.9408880600e-04 1.00e+00 1.00e-12 1 #urea: cOpt 1
1.0042457800e-04 1.00e+00 1.00e-12 1 #urea: cOpt 1
1.7716060300e-04 1.00e+00 1.00e-12 1 #urea: cOpt 1
2.9725602800e-04 1.00e+00 1.00e-12 1 #urea: cOpt 1
6.9481161100e-04 1.00e+00 1.00e-12 1 #urea: cOpt 1
2.9299698400e-04 1.00e+00 1.00e-12 1 #urea: cOpt 1
6.5390765500e-04 1.00e+00 1.00e-12 1 #urea: cOpt 1
3.6781237100e-04 1.00e+00 1.00e-12 1 #urea: cOpt 1
7.3292670000e-06 1.00e+00 1.00e-12 1 #urea: cOpt 1
4.3564789000e-05 1.00e+00 1.00e-12 1 #urea: cOpt 1
6.1093805000e-05 1.00e+00 1.00e-12 1 #urea: cOpt 1
8.4900907000e-05 1.00e+00 1.00e-12 1 #urea: cOpt 1
1.3284440000e-06 1.00e+00 1.00e-12 1 #urea: cOpt 1
7.7795397000e-05 1.00e+00 1.00e-12 1 #urea: cOpt 1
1.0558107900e-04 1.00e+00 1.00e-12 1 #urea: cOpt 1
2.5253000000e-07 1.00e+00 1.00e-12 1 #urea: cOpt 1
4.1557768400e-04 1.00e+00 1.00e-12 1 #urea: cOpt 1
4.9518793000e-05 1.00e+00 1.00e-12 1 #urea: cOpt 1
1.1407399800e-04 1.00e+00 1.00e-12 1 #urea: cOpt 1
6.1211462000e-05 1.00e+00 1.00e-12 1 #urea: cOpt 1
3.4537165600e-04 1.00e+00 1.00e-12 1 #urea: cOpt 1
3.6038508100e-04 1.00e+00 1.00e-12 1 #urea: cOpt 1
4.7711430000e-05 1.00e+00 1.00e-12 1 #urea: cOpt 1
8.5313955500e-04 1.00e+00 1.00e-12 1 #urea: cOpt 1
1.8042272400e-04 1.00e+00 1.00e-12 1 #urea: cOpt 1
4.5683961500e-04 1.00e+00 1.00e-12 1 #urea: cOpt 1
4.0598899500e-04 1.00e+00 1.00e-12 1 #urea: cOpt 1
2.4103401900e-04 1.00e+00 1.00e-12 1 #urea: cOpt 1
6.3068832000e-05 1.00e+00 1.00e-12 1 #urea: cOpt 1
1.9232702000e-04 1.00e+00 1.00e-12 1 #urea: cOpt 1
3.9446450000e-06 1.00e+00 1.00e-12 1 #urea: cOpt 1
2.1840210900e-04 1.00e+00 1.00e-12 1 #urea: cOpt 1
8.5375619000e-05 1.00e+00 1.00e-12 1 #urea: cOpt 1
7.3370170000e-05 1.00e+00 1.00e-12 1 #urea: cOpt 1
7.8173914200e-04 1.00e+00 1.00e-12 1 #urea: cOpt 1
1.2267903700e-03 1.00e+00 1.00e-12 1 #urea: cOpt 1
1.2282129000e-05 1.00e+00 1.00e-12 1 #urea: cOpt 1
7.8483534000e-05 1.00e+00 1.00e-12 1 #urea: cOpt 1
2.9714125000e-05 1.00e+00 1.00e-12 1 #urea: cOpt 1
2.6245752000e-05 1.00e+00 1.00e-12 1 #urea: cOpt 1
2.3992175800e-04 1.00e+00 1.00e-12 1 #urea: cOpt 1
9.9705920000e-05 1.00e+00 1.00e-12 1 #urea: cOpt 1
1.1169294840e-03 1.00e+00 1.00e-12 1 #urea: cOpt 1
1.1008774500e-04 1.00e+00 1.00e-12 1 #urea: cOpt 1
1.2748521200e-03 1.00e+00 1.00e-12 1 #urea: cOpt 1
8.3689967000e-05 1.00e+00 1.00e-12 1 #urea: cOpt 1
1.5050820000e-04 1.00e+00 1.00e-12 1 #urea: cOpt 1
1.3470133000e-04 1.00e+00 1.00e-12 1 #urea: cOpt 1
6.1768584000e-05 1.00e+00 1.00e-12 1 #urea: cOpt 1
1.3419397000e-05 1.00e+00 1.00e-12 1 #urea: cOpt 1
3.2944772200e-04 1.00e+00 1.00e-12 1 #urea: cOpt 1
2.5882077000e-04 1.00e+00 1.00e-12 1 #urea: cOpt 1
1.3766397200e-04 1.00e+00 1.00e-12 1 #urea: cOpt 1
1.5785447000e-05 1.00e+00 1.00e-12 1 #urea: cOpt 1
5.2673231100e-04 1.00e+00 1.00e-12 1 #urea: cOpt 1
1.0602466200e-04 1.00e+00 1.00e-12 1 #urea: cOpt 1
1.9978463600e-04 1.00e+00 1.00e-12 1 #urea: cOpt 1
1.6378765000e-05 1.00e+00 1.00e-12 1 #urea: cOpt 1
3.2833723000e-05 1.00e+00 1.00e-12 1 #urea: cOpt 1
3.5697335300e-04 1.00e+00 1.00e-12 1 #urea: cOpt 1
5.9473988000e-05 1.00e+00 1.00e-12 1 #urea: cOpt 1
7.9887570300e-04 1.00e+00 1.00e-12 1 #urea: cOpt 1
4.3054848600e-04 1.00e+00 1.00e-12 1 #urea: cOpt 1
1.4660005200e-04 1.00e+00 1.00e-12 1 #urea: cOpt 1
7.0954669000e-04 1.00e+00 1.00e-12 1 #urea: cOpt 1
2.1303621900e-04 1.00e+00 1.00e-12 1 #urea: cOpt 1
2.9315725800e-04 1.00e+00 1.00e-12 1 #urea: cOpt 1
7.5657321600e-04 1.00e+00 1.00e-12 1 #urea: cOpt 1
2.2680697900e-04 1.00e+00 1.00e-12 1 #urea: cOpt 1
4.1558901800e-04 1.00e+00 1.00e-12 1 #urea: cOpt 1
3.9906036900e-04 1.00e+00 1.00e-12 1 #urea: cOpt 1
5.2056945900e-04 1.00e+00 1.00e-12 1 #urea: cOpt 1
1.1114169620e-03 1.00e+00 1.00e-12 1 #urea: cOpt 1
8.1393222000e-05 1.00e+00 1.00e-12 1 #urea: cOpt 1
8.0504810000e-06 1.00e+00 1.00e-12 1 #urea: cOpt 1
4.1354558800e-04 1.00e+00 1.00e-12 1 #urea: cOpt 1
9.7567695000e-05 1.00e+00 1.00e-12 1 #urea: cOpt 1
1.6667461400e-04 1.00e+00 1.00e-12 1 #urea: cOpt 1
9.3463674100e-04 1.00e+00 1.00e-12 1 #urea: cOpt 1
7.0118170000e-05 1.00e+00 1.00e-12 1 #urea: cOpt 1
1.3628680200e-04 1.00e+00 1.00e-12 1 #urea: cOpt 1
6.1656130000e-05 1.00e+00 1.00e-12 1 #urea: cOpt 1
2.6643254400e-04 1.00e+00 1.00e-12 1 #urea: cOpt 1
3.5175643200e-04 1.00e+00 1.00e-12 1 #urea: cOpt 1
2.1314848100e-04 1.00e+00 1.00e-12 1 #urea: cOpt 1
9.5726310000e-06 1.00e+00 1.00e-12 1 #urea: cOpt 1
8.1036475000e-05 1.00e+00 1.00e-12 1 #urea: cOpt 1
1.6094268700e-04 1.00e+00 1.00e-12 1 #urea: cOpt 1
2.1802490400e-04 1.00e+00 1.00e-12 1 #urea: cOpt 1
2.3374734100e-04 1.00e+00 1.00e-12 1 #urea: cOpt 1
7.6173261000e-04 1.00e+00 1.00e-12 1 #urea: cOpt 1
1.5646681000e-05 1.00e+00 1.00e-12 1 #urea: cOpt 1
1.9218332000e-05 1.00e+00 1.00e-12 1 #urea: cOpt 1
5.2499081900e-04 1.00e+00 1.00e-12 1 #urea: cOpt 1
1.8389291500e-04 1.00e+00 1.00e-12 1 #urea: cOpt 1
7.8610026000e-05 1.00e+00 1.00e-12 1 #urea: cOpt 1
1.5591182100e-04 1.00e+00 1.00e-12 1 #urea: cOpt 1
3.4774051900e-04 1.00e+00 1.00e-12 1 #urea: cOpt 1
2.9695977500e-04 1.00e+00 1.00e-12 1 #urea: cOpt 1
6.5065780400e-04 1.00e+00 1.00e-12 1 #urea: cOpt 1
8.7826806000e-05 1.00e+00 1.00e-12 1 #urea: cOpt 1
1.0722934850e-03 1.00e+00 1.00e-12 1 #urea: cOpt 1
8.6905561800e-04 1.00e+00 1.00e-12 1 #urea: cOpt 1
8.5542039000e-05 1.00e+00 1.00e-12 1 #urea: cOpt 1
5.2360101000e-04 1.00e+00 1.00e-12 1 #urea: cOpt 1
1.8804590800e-04 1.00e+00 1.00e-12 1 #urea: cOpt 1
2.2360810400e-04 1.00e+00 1.00e-12 1 #urea: cOpt 1
9.4619795000e-05 1.00e+00 1.00e-12 1 #urea: cOpt 1
2.4793222600e-04 1.00e+00 1.00e-12 1 #urea: cOpt 1
1.7984600400e-04 1.00e+00 1.00e-12 1 #urea: cOpt 1
1.1582074300e-04 1.00e+00 1.00e-12 1 #urea: cOpt 1
1.7179132500e-04 1.00e+00 1.00e-12 1 #urea: cOpt 1
5.0706232900e-04 1.00e+00 1.00e-12 1 #urea: cOpt 1
2.7500692600e-04 1.00e+00 1.00e-12 1 #urea: cOpt 1
1.2368374700e-04 1.00e+00 1.00e-12 1 #urea: cOpt 1
4.9960228500e-04 1.00e+00 1.00e-12 1 #urea: cOpt 1
9.4981372000e-05 1.00e+00 1.00e-12 1 #urea: cOpt 1
8.6620955000e-05 1.00e+00 1.00e-12 1 #urea: cOpt 1
4.0972330000e-05 1.00e+00 1.00e-12 1 #urea: cOpt 1
8.0037657600e-04 1.00e+00 1.00e-12 1 #urea: cOpt 1
2.8908308300e-04 1.00e+00 1.00e-12 1 #urea: cOpt 1
8.1501412000e-05 1.00e+00 1.00e-12 1 #urea: cOpt 1
9.9217288000e-05 1.00e+00 1.00e-12 1 #urea: cOpt 1
1.8344324000e-05 1.00e+00 1.00e-12 1 #urea: cOpt 1
8.3098882000e-05 1.00e+00 1.00e-12 1 #urea: cOpt 1
4.7585775900e-04 1.00e+00 1.00e-12 1 #urea: cOpt 1
9.9331670000e-05 1.00e+00 1.00e-12 1 #urea: cOpt 1
7.9565419400e-04 1.00e+00 1.00e-12 1 #urea: cOpt 1
3.2843860000e-04 1.00e+00 1.00e-12 1 #urea: cOpt 1
6.8594595000e-05 1.00e+00 1.00e-12 1 #urea: cOpt 1
8.2426925000e-05 1.00e+00 1.00e-12 1 #urea: cOpt 1
5.2222042600e-04 1.00e+00 1.00e-12 1 #urea: cOpt 1
1.0415080900e-04 1.00e+00 1.00e-12 1 #urea: cOpt 1
2.0128765000e-05 1.00e+00 1.00e-12 1 #urea: cOpt 1
1.1587667100e-04 1.00e+00 1.00e-12 1 #urea: cOpt 1
4.9570529600e-04 1.00e+00 1.00e-12 1 #urea: cOpt 1
3.0711598100e-04 1.00e+00 1.00e-12 1 #urea: cOpt 1
3.0737188900e-04 1.00e+00 1.00e-12 1 #urea: cOpt 1
4.0371441000e-05 1.00e+00 1.00e-12 1 #urea: cOpt 1
3.1490873700e-04 1.00e+00 1.00e-12 1 #urea: cOpt 1
7.8621753000e-05 1.00e+00 1.00e-12 1 #urea: cOpt 1
1.1055904300e-04 1.00e+00 1.00e-12 1 #urea: cOpt 1
1.3867423400e-04 1.00e+00 1.00e-12 1 #urea: cOpt 1
7.6179699000e-05 1.00e+00 1.00e-12 1 #urea: cOpt 1
2.3261218500e-04 1.00e+00 1.00e-12 1 #urea: cOpt 1
2.8368642500e-04 1.00e+00 1.00e-12 1 #urea: cOpt 1
1.5775294600e-04 1.00e+00 1.00e-12 1 #urea: cOpt 1
8.6714769000e-05 1.00e+00 1.00e-12 1 #urea: cOpt 1
2.3831334100e-04 1.00e+00 1.00e-12 1 #urea: cOpt 1
1.2126465600e-04 1.00e+00 1.00e-12 1 #urea: cOpt 1
2.5491154300e-04 1.00e+00 1.00e-12 1 #urea: cOpt 1
2.8166470400e-04 1.00e+00 1.00e-12 1 #urea: cOpt 1
3.8596851600e-04 1.00e+00 1.00e-12 1 #urea: cOpt 1
3.0834849300e-04 1.00e+00 1.00e-12 1 #urea: cOpt 1
5.5803940000e-05 1.00e+00 1.00e-12 1 #urea: cOpt 1
7.2261796700e-04 1.00e+00 1.00e-12 1 #urea: cOpt 1
1.7404903900e-04 1.00e+00 1.00e-12 1 #urea: cOpt 1
4.5931589500e-04 1.00e+00 1.00e-12 1 #urea: cOpt 1
9.8607873000e-05 1.00e+00 1.00e-12 1 #urea: cOpt 1
4.1576815700e-04 1.00e+00 1.00e-12 1 #urea: cOpt 1
3.3827196100e-04 1.00e+00 1.00e-12 1 #urea: cOpt 1
2.0420143600e-04 1.00e+00 1.00e-12 1 #urea: cOpt 1
4.4364661900e-04 1.00e+00 1.00e-12 1 #urea: cOpt 1
7.2509378000e-05 1.00e+00 1.00e-12 1 #urea: cOpt 1
1.7299552200e-04 1.00e+00 1.00e-12 1 #urea: cOpt 1
1.6419280800e-04 1.00e+00 1.00e-12 1 #urea: cOpt 1
3.6001430900e-04 1.00e+00 1.00e-12 1 #urea: cOpt 1
7.2620292000e-04 1.00e+00 1.00e-12 1 #urea: cOpt 1
4.9145781000e-04 1.00e+00 1.00e-12 1 #urea: cOpt 1
3.7796991200e-04 1.00e+00 1.00e-12 1 #urea: cOpt 1
8.0784610400e-04 1.00e+00 1.00e-12 1 #urea: cOpt 1
6.1328754000e-04 1.00e+00 1.00e-12 1 #urea: cOpt 1
2.8568367000e-05 1.00e+00 1.00e-12 1 #urea: cOpt 1
1.4051689810e-03 1.00e+00 1.00e-12 1 #urea: cOpt 1
5.3375682400e-04 1.00e+00 1.00e-12 1 #urea: cOpt 1
2.0003238100e-04 1.00e+00 1.00e-12 1 #urea: cOpt 1
5.0363878000e-05 1.00e+00 1.00e-12 1 #urea: cOpt 1
8.1250188200e-04 1.00e+00 1.00e-12 1 #urea: cOpt 1
2.2621566000e-04 1.00e+00 1.00e-12 1 #urea: cOpt 1
2.5505622100e-04 1.00e+00 1.00e-12 1 #urea: cOpt 1
3.7570410000e-04 1.00e+00 1.00e-12 1 #urea: cOpt 1
5.4432803900e-04 1.00e+00 1.00e-12 1 #urea: cOpt 1
2.7361632100e-04 1.00e+00 1.00e-12 1 #urea: cOpt 1
1.2505698480e-03 1.00e+00 1.00e-12 1 #urea: cOpt 1
6.3495282800e-04 1.00e+00 1.00e-12 1 #urea: cOpt 1
3.4257031000e-04 1.00e+00 1.00e-12 1 #urea: cOpt 1
7.0459678100e-04 1.00e+00 1.00e-12 1 #urea: cOpt 1
2.4653787600e-04 1.00e+00 1.00e-12 1 #urea: cOpt 1
1.0831105400e-03 1.00e+00 1.00e-12 1 #urea: cOpt 1
2.3298681400e-04 1.00e+00 1.00e-12 1 #urea: cOpt 1
1.2645396300e-04 1.00e+00 1.00e-12 1 #urea: cOpt 1
2.6961581600e-04 1.00e+00 1.00e-12 1 #urea: cOpt 1
2.0342946800e-04 1.00e+00 1.00e-12 1 #urea: cOpt 1
5.4858343600e-04 1.00e+00 1.00e-12 1 #urea: cOpt 1
1.2890461500e-04 1.00e+00 1.00e-12 1 #urea: cOpt 1
5.5428934300e-04 1.00e+00 1.00e-12 1 #urea: cOpt 1
1.2790089450e-03 1.00e+00 1.00e-12 1 #urea: cOpt 1
1.3531753800e-04 1.00e+00 1.00e-12 1 #urea: cOpt 1
8.3961549000e-04 1.00e+00 1.00e-12 1 #urea: cOpt 1
6.4509851900e-04 1.00e+00 1.00e-12 1 #urea: cOpt 1
8.1161076700e-04 1.00e+00 1.00e-12 1 #urea: cOpt 1
3.1494739200e-04 1.00e+00 1.00e-12 1 #urea: cOpt 1
1.5941182740e-03 1.00e+00 1.00e-12 1 #urea: cOpt 1
2.0668987400e-04 1.00e+00 1.00e-12 1 #urea: cOpt 1
2.8301015900e-04 1.00e+00 1.00e-12 1 #urea: cOpt 1
1.1641544960e-03 1.00e+00 1.00e-12 1 #urea: cOpt 1
1.4840809240e-03 1.00e+00 1.00e-12 1 #urea: cOpt 1
3.3949493100e-04 1.00e+00 1.00e-12 1 #urea: cOpt 1
1.4498030480e-03 1.00e+00 1.00e-12 1 #urea: cOpt 1
3.3716955800e-04 1.00e+00 1.00e-12 1 #urea: cOpt 1
4.5428749000e-05 1.00e+00 1.00e-12 1 #urea: cOpt 1
4.5644287900e-04 1.00e+00 1.00e-12 1 #urea: cOpt 1
3.5829415700e-04 1.00e+00 1.00e-12 1 #urea: cOpt 1
3.3177360000e-06 1.00e+00 1.00e-12 1 #urea: cOpt 1
6.6532740000e-06 1.00e+00 1.00e-12 1 #urea: cOpt 1
7.8691680000e-06 1.00e+00 1.00e-12 1 #urea: cOpt 1
2.2352513000e-05 1.00e+00 1.00e-12 1 #urea: cOpt 1
2.3555167000e-05 1.00e+00 1.00e-12 1 #urea: cOpt 1
3.0407263000e-05 1.00e+00 1.00e-12 1 #urea: cOpt 1
3.1013998000e-05 1.00e+00 1.00e-12 1 #urea: cOpt 1
3.2282933000e-05 1.00e+00 1.00e-12 1 #urea: cOpt 1
2.6508124000e-05 1.00e+00 1.00e-12 1 #urea: cOpt 1
3.5451844000e-05 1.00e+00 1.00e-12 1 #urea: cOpt 1
3.7795987000e-05 1.00e+00 1.00e-12 1 #urea: cOpt 1
4.4401655000e-05 1.00e+00 1.00e-12 1 #urea: cOpt 1
4.6672580000e-05 1.00e+00 1.00e-12 1 #urea: cOpt 1
5.0350058000e-05 1.00e+00 1.00e-12 1 #urea: cOpt 1
7.4363518000e-05 1.00e+00 1.00e-12 1 #urea: cOpt 1
1.0068664100e-04 1.00e+00 1.00e-12 1 #urea: cOpt 1
1.0346994200e-04 1.00e+00 1.00e-12 1 #urea: cOpt 1
3.5493564000e-05 1.00e+00 1.00e-12 1 #urea: cOpt 1
1.0936661500e-04 1.00e+00 1.00e-12 1 #urea: cOpt 1
1.4798171000e-05 1.00e+00 1.00e-12 1 #urea: cOpt 1
1.2749453400e-04 1.00e+00 1.00e-12 1 #urea: cOpt 1
1.2654014100e-04 1.00e+00 1.00e-12 1 #urea: cOpt 1
1.2746227100e-04 1.00e+00 1.00e-12 1 #urea: cOpt 1
4.2214124000e-05 1.00e+00 1.00e-12 1 #urea: cOpt 1
1.7665873800e-04 1.00e+00 1.00e-12 1 #urea: cOpt 1
1.9534639000e-04 1.00e+00 1.00e-12 1 #urea: cOpt 1
1.9488991400e-04 1.00e+00 1.00e-12 1 #urea: cOpt 1
1.9641852900e-04 1.00e+00 1.00e-12 1 #urea: cOpt 1
7.1797224000e-05 1.00e+00 1.00e-12 1 #urea: cOpt 1
1.7475335300e-04 1.00e+00 1.00e-12 1 #urea: cOpt 1
2.0854784800e-04 1.00e+00 1.00e-12 1 #urea: cOpt 1
1.7074456700e-04 1.00e+00 1.00e-12 1 #urea: cOpt 1
2.3253224100e-04 1.00e+00 1.00e-12 1 #urea: cOpt 1
1.9696349500e-04 1.00e+00 1.00e-12 1 #urea: cOpt 1
6.2968223000e-05 1.00e+00 1.00e-12 1 #urea: cOpt 1
2.3172318000e-04 1.00e+00 1.00e-12 1 #urea: cOpt 1
1.4243915400e-04 1.00e+00 1.00e-12 1 #urea: cOpt 1
2.4539290100e-04 1.00e+00 1.00e-12 1 #urea: cOpt 1
2.5713951000e-04 1.00e+00 1.00e-12 1 #urea: cOpt 1
2.5341940600e-04 1.00e+00 1.00e-12 1 #urea: cOpt 1
1.1146390200e-04 1.00e+00 1.00e-12 1 #urea: cOpt 1
2.9561245800e-04 1.00e+00 1.00e-12 1 #urea: cOpt 1
1.8534281000e-04 1.00e+00 1.00e-12 1 #urea: cOpt 1
7.1772854000e-05 1.00e+00 1.00e-12 1 #urea: cOpt 1
3.0716645100e-04 1.00e+00 1.00e-12 1 #urea: cOpt 1
8.3593268000e-05 1.00e+00 1.00e-12 1 #urea: cOpt 1
6.2337500000e-07 1.00e+00 1.00e-12 1 #urea: cOpt 1
3.3638846500e-04 1.00e+00 1.00e-12 1 #urea: cOpt 1
1.5703650300e-04 1.00e+00 1.00e-12 1 #urea: cOpt 1
3.4700847100e-04 1.00e+00 1.00e-12 1 #urea: cOpt 1
3.5919331300e-04 1.00e+00 1.00e-12 1 #urea: cOpt 1
2.2936464100e-04 1.00e+00 1.00e-12 1 #urea: cOpt 1
3.5723868000e-04 1.00e+00 1.00e-12 1 #urea: cOpt 1
5.9138359000e-05 1.00e+00 1.00e-12 1 #urea: cOpt 1
1.7545778500e-04 1.00e+00 1.00e-12 1 #urea: cOpt 1
3.4654528100e-04 1.00e+00 1.00e-12 1 #urea: cOpt 1
9.0148508000e-05 1.00e+00 1.00e-12 1 #urea: cOpt 1
6.6253637000e-05 1.00e+00 1.00e-12 1 #urea: cOpt 1
3.6272785500e-04 1.00e+00 1.00e-12 1 #urea: cOpt 1
3.9903736500e-04 1.00e+00 1.00e-12 1 #urea: cOpt 1
1.6014083500e-04 1.00e+00 1.00e-12 1 #urea: cOpt 1
4.0455229000e-04 1.00e+00 1.00e-12 1 #urea: cOpt 1
7.6691187000e-05 1.00e+00 1.00e-12 1 #urea: cOpt 1
1.9538519300e-04 1.00e+00 1.00e-12 1 #urea: cOpt 1
2.6003034000e-05 1.00e+00 1.00e-12 1 #urea: cOpt 1
7.0991441000e-05 1.00e+00 1.00e-12 1 #urea: cOpt 1
8.4349223000e-05 1.00e+00 1.00e-12 1 #urea: cOpt 1
4.4281493500e-04 1.00e+00 1.00e-12 1 #urea: cOpt 1
4.7255947000e-05 1.00e+00 1.00e-12 1 #urea: cOpt 1
4.0243607100e-04 1.00e+00 1.00e-12 1 #urea: cOpt 1
2.2999343500e-04 1.00e+00 1.00e-12 1 #urea: cOpt 1
7.2706946000e-05 1.00e+00 1.00e-12 1 #urea: cOpt 1
4.7044799700e-04 1.00e+00 1.00e-12 1 #urea: cOpt 1
2.3810844400e-04 1.00e+00 1.00e-12 1 #urea: cOpt 1
2.1785174900e-04 1.00e+00 1.00e-12 1 #urea: cOpt 1
4.9087978900e-04 1.00e+00 1.00e-12 1 #urea: cOpt 1
4.4047694100e-04 1.00e+00 1.00e-12 1 #urea: cOpt 1
1.2962363600e-04 1.00e+00 1.00e-12 1 #urea: cOpt 1
5.0813004500e-04 1.00e+00 1.00e-12 1 #urea: cOpt 1
4.9725887000e-04 1.00e+00 1.00e-12 1 #urea: cOpt 1
2.9624070000e-05 1.00e+00 1.00e-12 1 #urea: cOpt 1
3.5799900000e-06 1.00e+00 1.00e-12 1 #urea: cOpt 1
1.4612919800e-04 1.00e+00 1.00e-12 1 #urea: cOpt 1
2.0946613900e-04 1.00e+00 1.00e-12 1 #urea: cOpt 1
1.5311195100e-04 1.00e+00 1.00e-12 1 #urea: cOpt 1
7.2073259000e-05 1.00e+00 1.00e-12 1 #urea: cOpt 1
9.8881675000e-05 1.00e+00 1.00e-12 1 #urea: cOpt 1
1.5139450500e-04 1.00e+00 1.00e-12 1 #urea: cOpt 1
2.9061466000e-05 1.00e+00 1.00e-12 1 #urea: cOpt 1
3.2232650500e-04 1.00e+00 1.00e-12 1 #urea: cOpt 1
2.0652717000e-05 1.00e+00 1.00e-12 1 #urea: cOpt 1
6.2865531000e-05 1.00e+00 1.00e-12 1 #urea: cOpt 1
3.1509140700e-04 1.00e+00 1.00e-12 1 #urea: cOpt 1
1.0295889600e-04 1.00e+00 1.00e-12 1 #urea: cOpt 1
5.6077106400e-04 1.00e+00 1.00e-12 1 #urea: cOpt 1
1.2321465800e-04 1.00e+00 1.00e-12 1 #urea: cOpt 1
3.9094137900e-04 1.00e+00 1.00e-12 1 #urea: cOpt 1
5.9156048500e-04 1.00e+00 1.00e-12 1 #urea: cOpt 1
1.1418929200e-04 1.00e+00 1.00e-12 1 #urea: cOpt 1
6.0479106500e-04 1.00e+00 1.00e-12 1 #urea: cOpt 1
5.1847102000e-05 1.00e+00 1.00e-12 1 #urea: cOpt 1
1.2172896000e-04 1.00e+00 1.00e-12 1 #urea: cOpt 1
5.2307902800e-04 1.00e+00 1.00e-12 1 #urea: cOpt 1
6.3484563800e-04 1.00e+00 1.00e-12 1 #urea: cOpt 1
1.1071238600e-04 1.00e+00 1.00e-12 1 #urea: cOpt 1
4.8158695000e-05 1.00e+00 1.00e-12 1 #urea: cOpt 1
8.3383277000e-05 1.00e+00 1.00e-12 1 #urea: cOpt 1
5.9116881100e-04 1.00e+00 1.00e-12 1 #urea: cOpt 1
1.4509956200e-04 1.00e+00 1.00e-12 1 #urea: cOpt 1
3.9105436000e-05 1.00e+00 1.00e-12 1 #urea: cOpt 1
1.3759375100e-04 1.00e+00 1.00e-12 1 #urea: cOpt 1
1.0982394500e-04 1.00e+00 1.00e-12 1 #urea: cOpt 1
3.4832309500e-04 1.00e+00 1.00e-12 1 #urea: cOpt 1
1.5009466400e-04 1.00e+00 1.00e-12 1 #urea: cOpt 1
8.8771250000e-06 1.00e+00 1.00e-12 1 #urea: cOpt 1
4.8920300500e-04 1.00e+00 1.00e-12 1 #urea: cOpt 1
8.0140048000e-05 1.00e+00 1.00e-12 1 #urea: cOpt 1
9.2231785000e-05 1.00e+00 1.00e-12 1 #urea: cOpt 1
5.6081744000e-05 1.00e+00 1.00e-12 1 #urea: cOpt 1
2.9929328800e-04 1.00e+00 1.00e-12 1 #urea: cOpt 1
5.8603887000e-05 1.00e+00 1.00e-12 1 #urea: cOpt 1
4.6812894600e-04 1.00e+00 1.00e-12 1 #urea: cOpt 1
3.2462513900e-04 1.00e+00 1.00e-12 1 #urea: cOpt 1
9.6705990000e-05 1.00e+00 1.00e-12 1 #urea: cOpt 1
2.0409140000e-06 1.00e+00 1.00e-12 1 #urea: cOpt 1
5.4419787700e-04 1.00e+00 1.00e-12 1 #urea: cOpt 1
2.3216793300e-04 1.00e+00 1.00e-12 1 #urea: cOpt 1
3.4710652400e-04 1.00e+00 1.00e-12 1 #urea: cOpt 1
5.8987494000e-05 1.00e+00 1.00e-12 1 #urea: cOpt 1
1.7218453500e-04 1.00e+00 1.00e-12 1 #urea: cOpt 1
2.5586341000e-05 1.00e+00 1.00e-12 1 #urea: cOpt 1
3.4545376100e-04 1.00e+00 1.00e-12 1 #urea: cOpt 1
4.2974730000e-05 1.00e+00 1.00e-12 1 #urea: cOpt 1
7.8492381400e-04 1.00e+00 1.00e-12 1 #urea: cOpt 1
4.5065526500e-04 1.00e+00 1.00e-12 1 #urea: cOpt 1
3.5168104600e-04 1.00e+00 1.00e-12 1 #urea: cOpt 1
4.0955280000e-06 1.00e+00 1.00e-12 1 #urea: cOpt 1
2.8234565000e-05 1.00e+00 1.00e-12 1 #urea: cOpt 1
1.1695258700e-04 1.00e+00 1.00e-12 1 #urea: cOpt 1
8.1242915900e-04 1.00e+00 1.00e-12 1 #urea: cOpt 1
5.6933339000e-05 1.00e+00 1.00e-12 1 #urea: cOpt 1
1.6652737000e-04 1.00e+00 1.00e-12 1 #urea: cOpt 1
4.7522414600e-04 1.00e+00 1.00e-12 1 #urea: cOpt 1
3.4425732000e-05 1.00e+00 1.00e-12 1 #urea: cOpt 1
2.5212131000e-05 1.00e+00 1.00e-12 1 #urea: cOpt 1
8.3708020100e-04 1.00e+00 1.00e-12 1 #urea: cOpt 1
4.4634739800e-04 1.00e+00 1.00e-12 1 #urea: cOpt 1
2.5271082800e-04 1.00e+00 1.00e-12 1 #urea: cOpt 1
4.8120451800e-04 1.00e+00 1.00e-12 1 #urea: cOpt 1
4.3627816500e-04 1.00e+00 1.00e-12 1 #urea: cOpt 1
2.1578477400e-04 1.00e+00 1.00e-12 1 #urea: cOpt 1
3.7665138600e-04 1.00e+00 1.00e-12 1 #urea: cOpt 1
6.2762080000e-05 1.00e+00 1.00e-12 1 #urea: cOpt 1
4.3931634000e-04 1.00e+00 1.00e-12 1 #urea: cOpt 1
2.7667434200e-04 1.00e+00 1.00e-12 1 #urea: cOpt 1
3.8662601000e-04 1.00e+00 1.00e-12 1 #urea: cOpt 1
1.0677244100e-04 1.00e+00 1.00e-12 1 #urea: cOpt 1
2.6371591900e-04 1.00e+00 1.00e-12 1 #urea: cOpt 1
4.1972520000e-06 1.00e+00 1.00e-12 1 #urea: cOpt 1
9.8831430000e-06 1.00e+00 1.00e-12 1 #urea: cOpt 1
6.0975512000e-05 1.00e+00 1.00e-12 1 #urea: cOpt 1
5.8025221000e-05 1.00e+00 1.00e-12 1 #urea: cOpt 1
9.6320452000e-05 1.00e+00 1.00e-12 1 #urea: cOpt 1
1.1687903500e-04 1.00e+00 1.00e-12 1 #urea: cOpt 1
2.7024527000e-05 1.00e+00 1.00e-12 1 #urea: cOpt 1
5.7732222000e-05 1.00e+00 1.00e-12 1 #urea: cOpt 1
2.2323467400e-04 1.00e+00 1.00e-12 1 #urea: cOpt 1
2.4297739200e-04 1.00e+00 1.00e-12 1 #urea: cOpt 1
4.1646613000e-05 1.00e+00 1.00e-12 1 #urea: cOpt 1
4.9392437300e-04 1.00e+00 1.00e-12 1 #urea: cOpt 1
1.6389246000e-04 1.00e+00 1.00e-12 1 #urea: cOpt 1
2.8259298000e-05 1.00e+00 1.00e-12 1 #urea: cOpt 1
2.3044253100e-04 1.00e+00 1.00e-12 1 #urea: cOpt 1
3.7051955800e-04 1.00e+00 1.00e-12 1 #urea: cOpt 1
7.3905281000e-05 1.00e+00 1.00e-12 1 #urea: cOpt 1
1.0296793520e-03 1.00e+00 1.00e-12 1 #urea: cOpt 1
3.0189669200e-04 1.00e+00 1.00e-12 1 #urea: cOpt 1
1.8786240600e-04 1.00e+00 1.00e-12 1 #urea: cOpt 1
1.0067637300e-04 1.00e+00 1.00e-12 1 #urea: cOpt 1
1.7507241000e-05 1.00e+00 1.00e-12 1 #urea: cOpt 1
3.1436810000e-05 1.00e+00 1.00e-12 1 #urea: cOpt 1
3.7335327400e-04 1.00e+00 1.00e-12 1 #urea: cOpt 1
2.5947727000e-05 1.00e+00 1.00e-12 1 #urea: cOpt 1
1.7965747500e-04 1.00e+00 1.00e-12 1 #urea: cOpt 1
5.2382128000e-05 1.00e+00 1.00e-12 1 #urea: cOpt 1
3.6637773600e-04 1.00e+00 1.00e-12 1 #urea: cOpt 1
9.5116089200e-04 1.00e+00 1.00e-12 1 #urea: cOpt 1
7.7202525000e-05 1.00e+00 1.00e-12 1 #urea: cOpt 1
4.2492272000e-05 1.00e+00 1.00e-12 1 #urea: cOpt 1
4.8448118000e-05 1.00e+00 1.00e-12 1 #urea: cOpt 1
3.5069035500e-04 1.00e+00 1.00e-12 1 #urea: cOpt 1
5.8756930500e-04 1.00e+00 1.00e-12 1 #urea: cOpt 1
4.4620786400e-04 1.00e+00 1.00e-12 1 #urea: cOpt 1
5.0466063000e-05 1.00e+00 1.00e-12 1 #urea: cOpt 1
6.5164499700e-04 1.00e+00 1.00e-12 1 #urea: cOpt 1
1.0626500100e-04 1.00e+00 1.00e-12 1 #urea: cOpt 1
1.8853053200e-04 1.00e+00 1.00e-12 1 #urea: cOpt 1
3.1185437800e-04 1.00e+00 1.00e-12 1 #urea: cOpt 1
2.6435192200e-04 1.00e+00 1.00e-12 1 #urea: cOpt 1
6.3097338000e-05 1.00e+00 1.00e-12 1 #urea: cOpt 1
1.3030878400e-04 1.00e+00 1.00e-12 1 #urea: cOpt 1
3.8984656000e-04 1.00e+00 1.00e-12 1 #urea: cOpt 1
2.7100200100e-04 1.00e+00 1.00e-12 1 #urea: cOpt 1
4.3755680200e-04 1.00e+00 1.00e-12 1 #urea: cOpt 1
7.1509000000e-08 1.00e+00 1.00e-12 1 #urea: cOpt 1
3.0606600000e-05 1.00e+00 1.00e-12 1 #urea: cOpt 1
2.9255754500e-04 1.00e+00 1.00e-12 1 #urea: cOpt 1
1.8309204500e-04 1.00e+00 1.00e-12 1 #urea: cOpt 1
5.6863213600e-04 1.00e+00 1.00e-12 1 #urea: cOpt 1
2.7758239100e-04 1.00e+00 1.00e-12 1 #urea: cOpt 1
3.4365415800e-04 1.00e+00 1.00e-12 1 #urea: cOpt 1
1.3206726000e-05 1.00e+00 1.00e-12 1 #urea: cOpt 1
3.4738172500e-04 1.00e+00 1.00e-12 1 #urea: cOpt 1
1.0885912200e-04 1.00e+00 1.00e-12 1 #urea: cOpt 1
1.4812980800e-04 1.00e+00 1.00e-12 1 #urea: cOpt 1
2.4243267000e-04 1.00e+00 1.00e-12 1 #urea: cOpt 1
5.4291991000e-05 1.00e+00 1.00e-12 1 #urea: cOpt 1
8.7140956000e-05 1.00e+00 1.00e-12 1 #urea: cOpt 1
2.6529831200e-04 1.00e+00 1.00e-12 1 #urea: cOpt 1
7.3540681000e-05 1.00e+00 1.00e-12 1 #urea: cOpt 1
9.3991293900e-04 1.00e+00 1.00e-12 1 #urea: cOpt 1
1.2040700930e-03 1.00e+00 1.00e-12 1 #urea: cOpt 1
1.1319298700e-04 1.00e+00 1.00e-12 1 #urea: cOpt 1
2.9125094700e-04 1.00e+00 1.00e-12 1 #urea: cOpt 1
2.4254552000e-04 1.00e+00 1.00e-12 1 #urea: cOpt 1
7.9120566200e-04 1.00e+00 1.00e-12 1 #urea: cOpt 1
2.3218502600e-04 1.00e+00 1.00e-12 1 #urea: cOpt 1
1.1350638700e-04 1.00e+00 1.00e-12 1 #urea: cOpt 1
1.9393376800e-04 1.00e+00 1.00e-12 1 #urea: cOpt 1
8.9548809000e-05 1.00e+00 1.00e-12 1 #urea: cOpt 1
3.9996644300e-04 1.00e+00 1.00e-12 1 #urea: cOpt 1
6.6795484000e-05 1.00e+00 1.00e-12 1 #urea: cOpt 1
1.1419790800e-04 1.00e+00 1.00e-12 1 #urea: cOpt 1
5.0225011100e-04 1.00e+00 1.00e-12 1 #urea: cOpt 1
2.7362159000e-05 1.00e+00 1.00e-12 1 #urea: cOpt 1
2.3892211100e-04 1.00e+00 1.00e-12 1 #urea: cOpt 1
9.5998808000e-05 1.00e+00 1.00e-12 1 #urea: cOpt 1
4.2387586800e-04 1.00e+00 1.00e-12 1 #urea: cOpt 1
1.6114224400e-04 1.00e+00 1.00e-12 1 #urea: cOpt 1
5.1438610000e-06 1.00e+00 1.00e-12 1 #urea: cOpt 1
9.8419897600e-04 1.00e+00 1.00e-12 1 #urea: cOpt 1
1.0841176200e-04 1.00e+00 1.00e-12 1 #urea: cOpt 1
1.4336173300e-04 1.00e+00 1.00e-12 1 #urea: cOpt 1
2.8145457900e-04 1.00e+00 1.00e-12 1 #urea: cOpt 1
2.1445220700e-04 1.00e+00 1.00e-12 1 #urea: cOpt 1
9.5268944000e-05 1.00e+00 1.00e-12 1 #urea: cOpt 1
5.3784858600e-04 1.00e+00 1.00e-12 1 #urea: cOpt 1
8.5744029000e-05 1.00e+00 1.00e-12 1 #urea: cOpt 1
3.6618498000e-04 1.00e+00 1.00e-12 1 #urea: cOpt 1
1.5978495800e-04 1.00e+00 1.00e-12 1 #urea: cOpt 1
2.6598823000e-04 1.00e+00 1.00e-12 1 #urea: cOpt 1
2.4962670400e-04 1.00e+00 1.00e-12 1 #urea: cOpt 1
6.5949302600e-04 1.00e+00 1.00e-12 1 #urea: cOpt 1
2.9887618000e-05 1.00e+00 1.00e-12 1 #urea: cOpt 1
2.7284831600e-04 1.00e+00 1.00e-12 1 #urea: cOpt 1
2.7366653900e-04 1.00e+00 1.00e-12 1 #urea: cOpt 1
1.4165416200e-04 1.00e+00 1.00e-12 1 #urea: cOpt 1
9.9074543000e-05 1.00e+00 1.00e-12 1 #urea: cOpt 1
1.2204619500e-04 1.00e+00 1.00e-12 1 #urea: cOpt 1
2.1159285900e-04 1.00e+00 1.00e-12 1 #urea: cOpt 1
7.1696489600e-04 1.00e+00 1.00e-12 1 #urea: cOpt 1
3.3388678100e-04 1.00e+00 1.00e-12 1 #urea: cOpt 1
1.7387350900e-04 1.00e+00 1.00e-12 1 #urea: cOpt 1
2.6975230000e-05 1.00e+00 1.00e-12 1 #urea: cOpt 1
9.8566215000e-05 1.00e+00 1.00e-12 1 #urea: cOpt 1
2.3356119000e-05 1.00e+00 1.00e-12 1 #urea: cOpt 1
2.6907215400e-04 1.00e+00 1.00e-12 1 #urea: cOpt 1
2.3517493700e-04 1.00e+00 1.00e-12 1 #urea: cOpt 1
5.0521340000e-05 1.00e+00 1.00e-12 1 #urea: cOpt 1
2.1892802500e-04 1.00e+00 1.00e-12 1 #urea: cOpt 1
8.5249056500e-04 1.00e+00 1.00e-12 1 #urea: cOpt 1
8.0395574000e-05 1.00e+00 1.00e-12 1 #urea: cOpt 1
4.1958272100e-04 1.00e+00 1.00e-12 1 #urea: cOpt 1
3.0599587700e-04 1.00e+00 1.00e-12 1 #urea: cOpt 1
5.3258104100e-04 1.00e+00 1.00e-12 1 #urea: cOpt 1
1.0302720600e-04 1.00e+00 1.00e-12 1 #urea: cOpt 1
2.5553599600e-04 1.00e+00 1.00e-12 1 #urea: cOpt 1
2.2386888800e-04 1.00e+00 1.00e-12 1 #urea: cOpt 1
4.7392163000e-04 1.00e+00 1.00e-12 1 #urea: cOpt 1
9.7850980000e-06 1.00e+00 1.00e-12 1 #urea: cOpt 1
1.4746851200e-04 1.00e+00 1.00e-12 1 #urea: cOpt 1
3.5916100200e-04 1.00e+00 1.00e-12 1 #urea: cOpt 1
1.1990425960e-03 1.00e+00 1.00e-12 1 #urea: cOpt 1
3.5635527400e-04 1.00e+00 1.00e-12 1 #urea: cOpt 1
2.5201404000e-05 1.00e+00 1.00e-12 1 #urea: cOpt 1
1.9463140100e-04 1.00e+00 1.00e-12 1 #urea: cOpt 1
5.3679489000e-04 1.00e+00 1.00e-12 1 #urea: cOpt 1
1.2003299500e-04 1.00e+00 1.00e-12 1 #urea: cOpt 1
1.3940530400e-04 1.00e+00 1.00e-12 1 #urea: cOpt 1
1.6665407000e-05 1.00e+00 1.00e-12 1 #urea: cOpt 1
2.2880098000e-05 1.00e+00 1.00e-12 1 #urea: cOpt 1
5.4989364000e-05 1.00e+00 1.00e-12 1 #urea: cOpt 1
1.1164374380e-03 1.00e+00 1.00e-12 1 #urea: cOpt 1
1.7362071000e-05 1.00e+00 1.00e-12 1 #urea: cOpt 1
4.5336972100e-04 1.00e+00 1.00e-12 1 #urea: cOpt 1
9.0152347700e-04 1.00e+00 1.00e-12 1 #urea: cOpt 1
2.2234918000e-05 1.00e+00 1.00e-12 1 #urea: cOpt 1
1.1566236200e-04 1.00e+00 1.00e-12 1 #urea: cOpt 1
1.0905747560e-03 1.00e+00 1.00e-12 1 #urea: cOpt 1
3.4122209500e-04 1.00e+00 1.00e-12 1 #urea: cOpt 1
3.2756865400e-04 1.00e+00 1.00e-12 1 #urea: cOpt 1
5.4785510000e-05 1.00e+00 1.00e-12 1 #urea: cOpt 1
8.0738278900e-04 1.00e+00 1.00e-12 1 #urea: cOpt 1
4.9388412000e-05 1.00e+00 1.00e-12 1 #urea: cOpt 1
6.1193936300e-04 1.00e+00 1.00e-12 1 #urea: cOpt 1
2.3160417300e-04 1.00e+00 1.00e-12 1 #urea: cOpt 1
3.3908390000e-05 1.00e+00 1.00e-12 1 #urea: cOpt 1
4.6904118000e-05 1.00e+00 1.00e-12 1 #urea: cOpt 1
4.5249211300e-04 1.00e+00 1.00e-12 1 #urea: cOpt 1
7.5340806000e-05 1.00e+00 1.00e-12 1 #urea: cOpt 1
9.7551039000e-05 1.00e+00 1.00e-12 1 #urea: cOpt 1
3.0803018500e-04 1.00e+00 1.00e-12 1 #urea: cOpt 1
4.0107263700e-04 1.00e+00 1.00e-12 1 #urea: cOpt 1
8.9319510000e-06 1.00e+00 1.00e-12 1 #urea: cOpt 1
2.7972810000e-06 1.00e+00 1.00e-12 1 #urea: cOpt 1
2.5392155300e-04 1.00e+00 1.00e-12 1 #urea: cOpt 1
3.4498100100e-04 1.00e+00 1.00e-12 1 #urea: cOpt 1
1.6934419100e-04 1.00e+00 1.00e-12 1 #urea: cOpt 1
1.9831488500e-04 1.00e+00 1.00e-12 1 #urea: cOpt 1
8.3780542100e-04 1.00e+00 1.00e-12 1 #urea: cOpt 1
8.1489773200e-04 1.00e+00 1.00e-12 1 #urea: cOpt 1
1.6974769600e-04 1.00e+00 1.00e-12 1 #urea: cOpt 1
8.6753371000e-05 1.00e+00 1.00e-12 1 #urea: cOpt 1
1.2124491000e-05 1.00e+00 1.00e-12 1 #urea: cOpt 1
8.7396516000e-05 1.00e+00 1.00e-12 1 #urea: cOpt 1
5.3663201100e-04 1.00e+00 1.00e-12 1 #urea: cOpt 1
1.4065474510e-03 1.00e+00 1.00e-12 1 #urea: cOpt 1
1.6226659500e-04 1.00e+00 1.00e-12 1 #urea: cOpt 1
1.8078211700e-04 1.00e+00 1.00e-12 1 #urea: cOpt 1
8.6762989300e-04 1.00e+00 1.00e-12 1 #urea: cOpt 1
5.4369571300e-04 1.00e+00 1.00e-12 1 #urea: cOpt 1
3.4502458100e-04 1.00e+00 1.00e-12 1 #urea: cOpt 1
6.5216655700e-04 1.00e+00 1.00e-12 1 #urea: cOpt 1
1.7503932600e-04 1.00e+00 1.00e-12 1 #urea: cOpt 1
2.4412555100e-04 1.00e+00 1.00e-12 1 #urea: cOpt 1
7.2707119000e-05 1.00e+00 1.00e-12 1 #urea: cOpt 1
2.0743219400e-04 1.00e+00 1.00e-12 1 #urea: cOpt 1
9.5655424000e-05 1.00e+00 1.00e-12 1 #urea: cOpt 1
2.4124863300e-04 1.00e+00 1.00e-12 1 #urea: cOpt 1
4.9553902000e-05 1.00e+00 1.00e-12 1 #urea: cOpt 1
4.2737783800e-04 1.00e+00 1.00e-12 1 #urea: cOpt 1
1.9741694500e-04 1.00e+00 1.00e-12 1 #urea: cOpt 1
5.0765050000e-06 1.00e+00 1.00e-12 1 #urea: cOpt 1
3.0089029800e-04 1.00e+00 1.00e-12 1 #urea: cOpt 1
1.1790102800e-04 1.00e+00 1.00e-12 1 #urea: cOpt 1
4.0469353000e-05 1.00e+00 1.00e-12 1 #urea: cOpt 1
1.0063657350e-03 1.00e+00 1.00e-12 1 #urea: cOpt 1
5.1283857200e-04 1.00e+00 1.00e-12 1 #urea: cOpt 1
3.4944831800e-04 1.00e+00 1.00e-12 1 #urea: cOpt 1
1.6464450900e-04 1.00e+00 1.00e-12 1 #urea: cOpt 1
1.0447937000e-05 1.00e+00 1.00e-12 1 #urea: cOpt 1
3.2717880000e-06 1.00e+00 1.00e-12 1 #urea: cOpt 1
2.2295468500e-04 1.00e+00 1.00e-12 1 #urea: cOpt 1
1.3903678700e-04 1.00e+00 1.00e-12 1 #urea: cOpt 1
4.7561684000e-04 1.00e+00 1.00e-12 1 #urea: cOpt 1
3.1862643400e-04 1.00e+00 1.00e-12 1 #urea: cOpt 1
6.7770513000e-05 1.00e+00 1.00e-12 1 #urea: cOpt 1
1.2936359300e-04 1.00e+00 1.00e-12 1 #urea: cOpt 1
2.3105983000e-05 1.00e+00 1.00e-12 1 #urea: cOpt 1
5.8186213200e-04 1.00e+00 1.00e-12 1 #urea: cOpt 1
3.4359450000e-06 1.00e+00 1.00e-12 1 #urea: cOpt 1
9.0564429900e-04 1.00e+00 1.00e-12 1 #urea: cOpt 1
4.1521742200e-04 1.00e+00 1.00e-12 1 #urea: cOpt 1
6.3530297700e-04 1.00e+00 1.00e-12 1 #urea: cOpt 1
3.3409434000e-05 1.00e+00 1.00e-12 1 #urea: cOpt 1
8.6957681000e-04 1.00e+00 1.00e-12 1 #urea: cOpt 1
2.2797798200e-04 1.00e+00 1.00e-12 1 #urea: cOpt 1
7.7608945900e-04 1.00e+00 1.00e-12 1 #urea: cOpt 1
4.4375514000e-05 1.00e+00 1.00e-12 1 #urea: cOpt 1
3.6417110600e-04 1.00e+00 1.00e-12 1 #urea: cOpt 1
7.7067907500e-04 1.00e+00 1.00e-12 1 #urea: cOpt 1
2.6563587000e-05 1.00e+00 1.00e-12 1 #urea: cOpt 1
4.2787148300e-04 1.00e+00 1.00e-12 1 #urea: cOpt 1
3.1678000600e-04 1.00e+00 1.00e-12 1 #urea: cOpt 1
4.7272111800e-04 1.00e+00 1.00e-12 1 #urea: cOpt 1
1.9237455700e-04 1.00e+00 1.00e-12 1 #urea: cOpt 1
6.3361742000e-05 1.00e+00 1.00e-12 1 #urea: cOpt 1
8.8828552100e-04 1.00e+00 1.00e-12 1 #urea: cOpt 1
3.2369071700e-04 1.00e+00 1.00e-12 1 #urea: cOpt 1
1.8954297000e-05 1.00e+00 1.00e-12 1 #urea: cOpt 1
1.5332712800e-04 1.00e+00 1.00e-12 1 #urea: cOpt 1
1.3395938300e-04 1.00e+00 1.00e-12 1 #urea: cOpt 1
4.4905186600e-04 1.00e+00 1.00e-12 1 #urea: cOpt 1
5.5058734600e-04 1.00e+00 1.00e-12 1 #urea: cOpt 1
4.1436463000e-05 1.00e+00 1.00e-12 1 #urea: cOpt 1
4.1283509300e-04 1.00e+00 1.00e-12 1 #urea: cOpt 1
2.8237645000e-04 1.00e+00 1.00e-12 1 #urea: cOpt 1
1.2649886720e-03 1.00e+00 1.00e-12 1 #urea: cOpt 1
3.5790060000e-05 1.00e+00 1.00e-12 1 #urea: cOpt 1
6.8931733800e-04 1.00e+00 1.00e-12 1 #urea: cOpt 1
1.1095878220e-03 1.00e+00 1.00e-12 1 #urea: cOpt 1
1.9138584500e-04 1.00e+00 1.00e-12 1 #urea: cOpt 1
4.0906564000e-05 1.00e+00 1.00e-12 1 #urea: cOpt 1
7.8629276000e-05 1.00e+00 1.00e-12 1 #urea: cOpt 1
3.3724256000e-04 1.00e+00 1.00e-12 1 #urea: cOpt 1
2.0090928800e-04 1.00e+00 1.00e-12 1 #urea: cOpt 1
1.4114017580e-03 1.00e+00 1.00e-12 1 #urea: cOpt 1
1.6506256700e-04 1.00e+00 1.00e-12 1 #urea: cOpt 1
3.8526203900e-04 1.00e+00 1.00e-12 1 #urea: cOpt 1
4.5666301000e-05 1.00e+00 1.00e-12 1 #urea: cOpt 1
3.3135739600e-04 1.00e+00 1.00e-12 1 #urea: cOpt 1
1.8534001900e-04 1.00e+00 1.00e-12 1 #urea: cOpt 1
8.7073662000e-05 1.00e+00 1.00e-12 1 #urea: cOpt 1
1.6846843600e-04 1.00e+00 1.00e-12 1 #urea: cOpt 1
3.2116004700e-04 1.00e+00 1.00e-12 1 #urea: cOpt 1
1.4969912600e-04 1.00e+00 1.00e-12 1 #urea: cOpt 1
4.7978287600e-04 1.00e+00 1.00e-12 1 #urea: cOpt 1
7.9626848500e-04 1.00e+00 1.00e-12 1 #urea: cOpt 1
1.2159333900e-04 1.00e+00 1.00e-12 1 #urea: cOpt 1
3.3128517000e-04 1.00e+00 1.00e-12 1 #urea: cOpt 1
1.8092114800e-04 1.00e+00 1.00e-12 1 #urea: cOpt 1
8.6470129000e-05 1.00e+00 1.00e-12 1 #urea: cOpt 1
2.8995262100e-04 1.00e+00 1.00e-12 1 #urea: cOpt 1
3.2711474500e-04 1.00e+00 1.00e-12 1 #urea: cOpt 1
2.2433421900e-04 1.00e+00 1.00e-12 1 #urea: cOpt 1
3.5275383000e-05 1.00e+00 1.00e-12 1 #urea: cOpt 1
4.1355478000e-04 1.00e+00 1.00e-12 1 #urea: cOpt 1
2.2198094200e-04 1.00e+00 1.00e-12 1 #urea: cOpt 1
2.6733387600e-04 1.00e+00 1.00e-12 1 #urea: cOpt 1
3.8683202200e-04 1.00e+00 1.00e-12 1 #urea: cOpt 1
1.8616884400e-04 1.00e+00 1.00e-12 1 #urea: cOpt 1
3.6243727700e-04 1.00e+00 1.00e-12 1 #urea: cOpt 1
1.4235586200e-04 1.00e+00 1.00e-12 1 #urea: cOpt 1
2.5964723300e-04 1.00e+00 1.00e-12 1 #urea: cOpt 1
2.4953444700e-04 1.00e+00 1.00e-12 1 #urea: cOpt 1
1.8514482200e-04 1.00e+00 1.00e-12 1 #urea: cOpt 1
1.9786755300e-04 1.00e+00 1.00e-12 1 #urea: cOpt 1
4.9338510000e-05 1.00e+00 1.00e-12 1 #urea: cOpt 1
5.2733929500e-04 1.00e+00 1.00e-12 1 #urea: cOpt 1
2.4231594900e-04 1.00e+00 1.00e-12 1 #urea: cOpt 1
2.4813058000e-05 1.00e+00 1.00e-12 1 #urea: cOpt 1
1.6387228200e-04 1.00e+00 1.00e-12 1 #urea: cOpt 1
1.3999151800e-04 1.00e+00 1.00e-12 1 #urea: cOpt 1
8.7030886100e-04 1.00e+00 1.00e-12 1 #urea: cOpt 1
1.1750626100e-04 1.00e+00 1.00e-12 1 #urea: cOpt 1
2.7229741100e-04 1.00e+00 1.00e-12 1 #urea: cOpt 1
3.7704966800e-04 1.00e+00 1.00e-12 1 #urea: cOpt 1
2.9594931600e-04 1.00e+00 1.00e-12 1 #urea: cOpt 1
2.9420081600e-04 1.00e+00 1.00e-12 1 #urea: cOpt 1
3.9791040000e-06 1.00e+00 1.00e-12 1 #urea: cOpt 1
3.3041610000e-05 1.00e+00 1.00e-12 1 #urea: cOpt 1
2.0600878500e-04 1.00e+00 1.00e-12 1 #urea: cOpt 1
2.9921943900e-04 1.00e+00 1.00e-12 1 #urea: cOpt 1
6.4655376900e-04 1.00e+00 1.00e-12 1 #urea: cOpt 1
3.3988655900e-04 1.00e+00 1.00e-12 1 #urea: cOpt 1
1.5489503100e-04 1.00e+00 1.00e-12 1 #urea: cOpt 1
2.0087851200e-04 1.00e+00 1.00e-12 1 #urea: cOpt 1
9.0027564000e-05 1.00e+00 1.00e-12 1 #urea: cOpt 1
8.4970658800e-04 1.00e+00 1.00e-12 1 #urea: cOpt 1
4.5671572200e-04 1.00e+00 1.00e-12 1 #urea: cOpt 1
5.5097594800e-04 1.00e+00 1.00e-12 1 #urea: cOpt 1
3.5010983500e-04 1.00e+00 1.00e-12 1 #urea: cOpt 1
5.1253535100e-04 1.00e+00 1.00e-12 1 #urea: cOpt 1
5.6505192000e-05 1.00e+00 1.00e-12 1 #urea: cOpt 1
1.9422778900e-04 1.00e+00 1.00e-12 1 #urea: cOpt 1
1.8374680000e-05 1.00e+00 1.00e-12 1 #urea: cOpt 1
1.0632471160e-03 1.00e+00 1.00e-12 1 #urea: cOpt 1
1.0496599200e-04 1.00e+00 1.00e-12 1 #urea: cOpt 1
2.8134075800e-04 1.00e+00 1.00e-12 1 #urea: cOpt 1
4.7300510900e-04 1.00e+00 1.00e-12 1 #urea: cOpt 1
4.0406847800e-04 1.00e+00 1.00e-12 1 #urea: cOpt 1
7.0921237000e-05 1.00e+00 1.00e-12 1 #urea: cOpt 1
2.8611487200e-04 1.00e+00 1.00e-12 1 #urea: cOpt 1
6.0842012200e-04 1.00e+00 1.00e-12 1 #urea: cOpt 1
1.0422096100e-04 1.00e+00 1.00e-12 1 #urea: cOpt 1
2.4914236800e-04 1.00e+00 1.00e-12 1 #urea: cOpt 1
1.9371691000e-05 1.00e+00 1.00e-12 1 #urea: cOpt 1
4.1309923400e-04 1.00e+00 1.00e-12 1 #urea: cOpt 1
7.2302332600e-04 1.00e+00 1.00e-12 1 #urea: cOpt 1
5.2092105500e-04 1.00e+00 1.00e-12 1 #urea: cOpt 1
6.2866607700e-04 1.00e+00 1.00e-12 1 #urea: cOpt 1
1.7680316000e-04 1.00e+00 1.00e-12 1 #urea: cOpt 1
7.3445149900e-04 1.00e+00 1.00e-12 1 #urea: cOpt 1
2.3110566100e-04 1.00e+00 1.00e-12 1 #urea: cOpt 1
4.8946470500e-04 1.00e+00 1.00e-12 1 #urea: cOpt 1
1.4443215100e-03 1.00e+00 1.00e-12 1 #urea: cOpt 1
8.7377736700e-04 1.00e+00 1.00e-12 1 #urea: cOpt 1
5.9212639500e-04 1.00e+00 1.00e-12 1 #urea: cOpt 1
1.3410695900e-04 1.00e+00 1.00e-12 1 #urea: cOpt 1
3.5949962700e-04 1.00e+00 1.00e-12 1 #urea: cOpt 1
1.0897294000e-05 1.00e+00 1.00e-12 1 #urea: cOpt 1
1.3723843200e-04 1.00e+00 1.00e-12 1 #urea: cOpt 1
6.7643579700e-04 1.00e+00 1.00e-12 1 #urea: cOpt 1
3.5164612300e-04 1.00e+00 1.00e-12 1 #urea: cOpt 1
1.5471612700e-04 1.00e+00 1.00e-12 1 #urea: cOpt 1
3.1046648900e-04 1.00e+00 1.00e-12 1 #urea: cOpt 1
8.7380485100e-04 1.00e+00 1.00e-12 1 #urea: cOpt 1
1.5534504280e-03 1.00e+00 1.00e-12 1 #urea: cOpt 1
3.3928849600e-04 1.00e+00 1.00e-12 1 #urea: cOpt 1
7.1574498200e-04 1.00e+00 1.00e-12 1 #urea: cOpt 1
2.9266391900e-04 1.00e+00 1.00e-12 1 #urea: cOpt 1
2.3903572000e-04 1.00e+00 1.00e-12 1 #urea: cOpt 1
4.4983658700e-04 1.00e+00 1.00e-12 1 #urea: cOpt 1
8.6017766400e-04 1.00e+00 1.00e-12 1 #urea: cOpt 1
2.4345400900e-04 1.00e+00 1.00e-12 1 #urea: cOpt 1
4.5959400800e-04 1.00e+00 1.00e-12 1 #urea: cOpt 1
1.0364442460e-03 1.00e+00 1.00e-12 1 #urea: cOpt 1
1.8496492380e-03 1.00e+00 1.00e-12 1 #urea: cOpt 1
2.8701981000e-05 1.00e+00 1.00e-12 1 #urea: cOpt 1
2.1394625500e-04 1.00e+00 1.00e-12 1 #urea: cOpt 1
2.1650320000e-06 1.00e+00 1.00e-12 1 #urea: cOpt 1
1.8540617000e-05 1.00e+00 1.00e-12 1 #urea: cOpt 1
3.4141528000e-05 1.00e+00 1.00e-12 1 #urea: cOpt 1
3.4973444000e-05 1.00e+00 1.00e-12 1 #urea: cOpt 1
3.9293144000e-05 1.00e+00 1.00e-12 1 #urea: cOpt 1
3.9985965000e-05 1.00e+00 1.00e-12 1 #urea: cOpt 1
4.6506611000e-05 1.00e+00 1.00e-12 1 #urea: cOpt 1
4.9526010000e-05 1.00e+00 1.00e-12 1 #urea: cOpt 1
7.0440116000e-05 1.00e+00 1.00e-12 1 #urea: cOpt 1
8.3269918000e-05 1.00e+00 1.00e-12 1 #urea: cOpt 1
9.6062213000e-05 1.00e+00 1.00e-12 1 #urea: cOpt 1
1.0043633000e-04 1.00e+00 1.00e-12 1 #urea: cOpt 1
8.0027082000e-05 1.00e+00 1.00e-12 1 #urea: cOpt 1
2.3549806000e-05 1.00e+00 1.00e-12 1 #urea: cOpt 1
8.8857668000e-05 1.00e+00 1.00e-12 1 #urea: cOpt 1
1.2840410300e-04 1.00e+00 1.00e-12 1 #urea: cOpt 1
4.3643986000e-05 1.00e+00 1.00e-12 1 #urea: cOpt 1
1.3192362500e-04 1.00e+00 1.00e-12 1 #urea: cOpt 1
1.3782977900e-04 1.00e+00 1.00e-12 1 #urea: cOpt 1
1.3634196300e-04 1.00e+00 1.00e-12 1 #urea: cOpt 1
1.0465453800e-04 1.00e+00 1.00e-12 1 #urea: cOpt 1
1.4143255100e-04 1.00e+00 1.00e-12 1 #urea: cOpt 1
1.5272112100e-04 1.00e+00 1.00e-12 1 #urea: cOpt 1
1.0682597700e-04 1.00e+00 1.00e-12 1 #urea: cOpt 1
1.7302824400e-04 1.00e+00 1.00e-12 1 #urea: cOpt 1
1.2747320000e-06 1.00e+00 1.00e-12 1 #urea: cOpt 1
1.8669185300e-04 1.00e+00 1.00e-12 1 #urea: cOpt 1
1.8953592900e-04 1.00e+00 1.00e-12 1 #urea: cOpt 1
3.5896693000e-05 1.00e+00 1.00e-12 1 #urea: cOpt 1
1.8932418700e-04 1.00e+00 1.00e-12 1 #urea: cOpt 1
1.0410437900e-04 1.00e+00 1.00e-12 1 #urea: cOpt 1
2.0409922600e-04 1.00e+00 1.00e-12 1 #urea: cOpt 1
1.0739061000e-05 1.00e+00 1.00e-12 1 #urea: cOpt 1
2.1312901900e-04 1.00e+00 1.00e-12 1 #urea: cOpt 1
2.1428419500e-04 1.00e+00 1.00e-12 1 #urea: cOpt 1
2.2123765600e-04 1.00e+00 1.00e-12 1 #urea: cOpt 1
9.8724190000e-06 1.00e+00 1.00e-12 1 #urea: cOpt 1
1.8733227200e-04 1.00e+00 1.00e-12 1 #urea: cOpt 1
2.2884357900e-04 1.00e+00 1.00e-12 1 #urea: cOpt 1
2.3313158700e-04 1.00e+00 1.00e-12 1 #urea: cOpt 1
1.0229404800e-04 1.00e+00 1.00e-12 1 #urea: cOpt 1
2.1703559000e-05 1.00e+00 1.00e-12 1 #urea: cOpt 1
1.2905657100e-04 1.00e+00 1.00e-12 1 #urea: cOpt 1
2.0759180800e-04 1.00e+00 1.00e-12 1 #urea: cOpt 1
2.6785650400e-04 1.00e+00 1.00e-12 1 #urea: cOpt 1
4.4491712000e-05 1.00e+00 1.00e-12 1 #urea: cOpt 1
1.3928053600e-04 1.00e+00 1.00e-12 1 #urea: cOpt 1
2.7676670300e-04 1.00e+00 1.00e-12 1 #urea: cOpt 1
7.8227494000e-05 1.00e+00 1.00e-12 1 #urea: cOpt 1
2.8896045000e-04 1.00e+00 1.00e-12 1 #urea: cOpt 1
2.6167939000e-05 1.00e+00 1.00e-12 1 #urea: cOpt 1
3.1810987500e-04 1.00e+00 1.00e-12 1 #urea: cOpt 1
2.7274128400e-04 1.00e+00 1.00e-12 1 #urea: cOpt 1
2.0495280800e-04 1.00e+00 1.00e-12 1 #urea: cOpt 1
1.2030535700e-04 1.00e+00 1.00e-12 1 #urea: cOpt 1
3.5380774500e-04 1.00e+00 1.00e-12 1 #urea: cOpt 1
3.3095994500e-04 1.00e+00 1.00e-12 1 #urea: cOpt 1
2.4287313500e-04 1.00e+00 1.00e-12 1 #urea: cOpt 1
1.2970611000e-04 1.00e+00 1.00e-12 1 #urea: cOpt 1
6.6825957000e-05 1.00e+00 1.00e-12 1 #urea: cOpt 1
3.9007294600e-04 1.00e+00 1.00e-12 1 #urea: cOpt 1
1.1781785700e-04 1.00e+00 1.00e-12 1 #urea: cOpt 1
7.5111070000e-05 1.00e+00 1.00e-12 1 #urea: cOpt 1
1.7129386900e-04 1.00e+00 1.00e-12 1 #urea: cOpt 1
1.9572847000e-05 1.00e+00 1.00e-12 1 #urea: cOpt 1
4.9735130000e-05 1.00e+00 1.00e-12 1 #urea: cOpt 1
1.5643922100e-04 1.00e+00 1.00e-12 1 #urea: cOpt 1
2.4200046300e-04 1.00e+00 1.00e-12 1 #urea: cOpt 1
7.2667898000e-05 1.00e+00 1.00e-12 1 #urea: cOpt 1
1.0458362000e-05 1.00e+00 1.00e-12 1 #urea: cOpt 1
1.9823469200e-04 1.00e+00 1.00e-12 1 #urea: cOpt 1
8.9881440000e-05 1.00e+00 1.00e-12 1 #urea: cOpt 1
4.2454795000e-05 1.00e+00 1.00e-12 1 #urea: cOpt 1
4.4868357000e-04 1.00e+00 1.00e-12 1 #urea: cOpt 1
3.3459236500e-04 1.00e+00 1.00e-12 1 #urea: cOpt 1
4.7560169500e-04 1.00e+00 1.00e-12 1 #urea: cOpt 1
4.6627183000e-05 1.00e+00 1.00e-12 1 #urea: cOpt 1
3.0128964900e-04 1.00e+00 1.00e-12 1 #urea: cOpt 1
3.0447757700e-04 1.00e+00 1.00e-12 1 #urea: cOpt 1
5.2954539000e-04 1.00e+00 1.00e-12 1 #urea: cOpt 1
1.3127123000e-04 1.00e+00 1.00e-12 1 #urea: cOpt 1
3.1988281300e-04 1.00e+00 1.00e-12 1 #urea: cOpt 1
5.3201065300e-04 1.00e+00 1.00e-12 1 #urea: cOpt 1
1.3201834300e-04 1.00e+00 1.00e-12 1 #urea: cOpt 1
4.1673547500e-04 1.00e+00 1.00e-12 1 #urea: cOpt 1
5.5172976300e-04 1.00e+00 1.00e-12 1 #urea: cOpt 1
4.9261880000e-06 1.00e+00 1.00e-12 1 #urea: cOpt 1
1.4383060900e-04 1.00e+00 1.00e-12 1 #urea: cOpt 1
1.6097667300e-04 1.00e+00 1.00e-12 1 #urea: cOpt 1
3.0348640400e-04 1.00e+00 1.00e-12 1 #urea: cOpt 1
7.7267807000e-05 1.00e+00 1.00e-12 1 #urea: cOpt 1
3.2442770600e-04 1.00e+00 1.00e-12 1 #urea: cOpt 1
4.6777984700e-04 1.00e+00 1.00e-12 1 #urea: cOpt 1
4.2981672200e-04 1.00e+00 1.00e-12 1 #urea: cOpt 1
6.1890668100e-04 1.00e+00 1.00e-12 1 #urea: cOpt 1
2.2006278000e-04 1.00e+00 1.00e-12 1 #urea: cOpt 1
2.9445441000e-05 1.00e+00 1.00e-12 1 #urea: cOpt 1
4.7502661700e-04 1.00e+00 1.00e-12 1 #urea: cOpt 1
4.7431147200e-04 1.00e+00 1.00e-12 1 #urea: cOpt 1
1.2240010900e-04 1.00e+00 1.00e-12 1 #urea: cOpt 1
1.0428084000e-04 1.00e+00 1.00e-12 1 #urea: cOpt 1
2.0440856400e-04 1.00e+00 1.00e-12 1 #urea: cOpt 1
1.0053583000e-04 1.00e+00 1.00e-12 1 #urea: cOpt 1
3.1576990000e-05 1.00e+00 1.00e-12 1 #urea: cOpt 1
7.1620603100e-04 1.00e+00 1.00e-12 1 #urea: cOpt 1
9.7207441000e-05 1.00e+00 1.00e-12 1 #urea: cOpt 1
4.3102309700e-04 1.00e+00 1.00e-12 1 #urea: cOpt 1
2.4542389000e-05 1.00e+00 1.00e-12 1 #urea: cOpt 1
4.5938632800e-04 1.00e+00 1.00e-12 1 #urea: cOpt 1
6.1382279100e-04 1.00e+00 1.00e-12 1 #urea: cOpt 1
2.5628357900e-04 1.00e+00 1.00e-12 1 #urea: cOpt 1
2.7172633400e-04 1.00e+00 1.00e-12 1 #urea: cOpt 1
1.2430066600e-04 1.00e+00 1.00e-12 1 #urea: cOpt 1
3.7590323700e-04 1.00e+00 1.00e-12 1 #urea: cOpt 1
1.7489196500e-04 1.00e+00 1.00e-12 1 #urea: cOpt 1
1.1994255100e-04 1.00e+00 1.00e-12 1 #urea: cOpt 1
3.4312515000e-04 1.00e+00 1.00e-12 1 #urea: cOpt 1
1.6698407700e-04 1.00e+00 1.00e-12 1 #urea: cOpt 1
8.5907027000e-05 1.00e+00 1.00e-12 1 #urea: cOpt 1
5.1351179000e-05 1.00e+00 1.00e-12 1 #urea: cOpt 1
8.0442382300e-04 1.00e+00 1.00e-12 1 #urea: cOpt 1
4.7294366000e-05 1.00e+00 1.00e-12 1 #urea: cOpt 1
5.7793892700e-04 1.00e+00 1.00e-12 1 #urea: cOpt 1
5.6799385300e-04 1.00e+00 1.00e-12 1 #urea: cOpt 1
1.9336017000e-05 1.00e+00 1.00e-12 1 #urea: cOpt 1
6.1805400000e-06 1.00e+00 1.00e-12 1 #urea: cOpt 1
7.4210018000e-05 1.00e+00 1.00e-12 1 #urea: cOpt 1
1.2682918100e-04 1.00e+00 1.00e-12 1 #urea: cOpt 1
4.2048672400e-04 1.00e+00 1.00e-12 1 #urea: cOpt 1
1.0537875900e-04 1.00e+00 1.00e-12 1 #urea: cOpt 1
1.2966709100e-04 1.00e+00 1.00e-12 1 #urea: cOpt 1
3.2494507100e-04 1.00e+00 1.00e-12 1 #urea: cOpt 1
8.5679441300e-04 1.00e+00 1.00e-12 1 #urea: cOpt 1
2.5058822300e-04 1.00e+00 1.00e-12 1 #urea: cOpt 1
1.7016815400e-04 1.00e+00 1.00e-12 1 #urea: cOpt 1
4.6536482000e-05 1.00e+00 1.00e-12 1 #urea: cOpt 1
5.6666992500e-04 1.00e+00 1.00e-12 1 #urea: cOpt 1
8.7586973000e-04 1.00e+00 1.00e-12 1 #urea: cOpt 1
8.7694977600e-04 1.00e+00 1.00e-12 1 #urea: cOpt 1
8.9730947800e-04 1.00e+00 1.00e-12 1 #urea: cOpt 1
2.1549528600e-04 1.00e+00 1.00e-12 1 #urea: cOpt 1
3.7445861200e-04 1.00e+00 1.00e-12 1 #urea: cOpt 1
2.9901832000e-05 1.00e+00 1.00e-12 1 #urea: cOpt 1
1.0037791600e-04 1.00e+00 1.00e-12 1 #urea: cOpt 1
9.0948156700e-04 1.00e+00 1.00e-12 1 #urea: cOpt 1
5.7688520000e-05 1.00e+00 1.00e-12 1 #urea: cOpt 1
2.7940766700e-04 1.00e+00 1.00e-12 1 #urea: cOpt 1
2.6888687000e-05 1.00e+00 1.00e-12 1 #urea: cOpt 1
3.0378097900e-04 1.00e+00 1.00e-12 1 #urea: cOpt 1
6.1679173000e-05 1.00e+00 1.00e-12 1 #urea: cOpt 1
1.6560898400e-04 1.00e+00 1.00e-12 1 #urea: cOpt 1
3.9896113900e-04 1.00e+00 1.00e-12 1 #urea: cOpt 1
4.0631268000e-05 1.00e+00 1.00e-12 1 #urea: cOpt 1
5.1088796000e-05 1.00e+00 1.00e-12 1 #urea: cOpt 1
1.1357826200e-04 1.00e+00 1.00e-12 1 #urea: cOpt 1
2.3644148000e-05 1.00e+00 1.00e-12 1 #urea: cOpt 1
1.0595344100e-04 1.00e+00 1.00e-12 1 #urea: cOpt 1
7.3093611600e-04 1.00e+00 1.00e-12 1 #urea: cOpt 1
9.4170695000e-05 1.00e+00 1.00e-12 1 #urea: cOpt 1
3.1966399000e-05 1.00e+00 1.00e-12 1 #urea: cOpt 1
5.6473834000e-05 1.00e+00 1.00e-12 1 #urea: cOpt 1
4.4078443200e-04 1.00e+00 1.00e-12 1 #urea: cOpt 1
5.3443227200e-04 1.00e+00 1.00e-12 1 #urea: cOpt 1
1.1965701000e-05 1.00e+00 1.00e-12 1 #urea: cOpt 1
1.0627521500e-04 1.00e+00 1.00e-12 1 #urea: cOpt 1
6.9320432000e-04 1.00e+00 1.00e-12 1 #urea: cOpt 1
2.7429311500e-04 1.00e+00 1.00e-12 1 #urea: cOpt 1
1.8372156800e-04 1.00e+00 1.00e-12 1 #urea: cOpt 1
4.3589493100e-04 1.00e+00 1.00e-12 1 #urea: cOpt 1
1.6815390900e-04 1.00e+00 1.00e-12 1 #urea: cOpt 1
5.8519706500e-04 1.00e+00 1.00e-12 1 #urea: cOpt 1
1.5533719100e-04 1.00e+00 1.00e-12 1 #urea: cOpt 1
1.6705442100e-04 1.00e+00 1.00e-12 1 #urea: cOpt 1
7.1428966400e-04 1.00e+00 1.00e-12 1 #urea: cOpt 1
6.8735528300e-04 1.00e+00 1.00e-12 1 #urea: cOpt 1
1.0149620800e-04 1.00e+00 1.00e-12 1 #urea: cOpt 1
3.5427808300e-04 1.00e+00 1.00e-12 1 #urea: cOpt 1
1.1359979430e-03 1.00e+00 1.00e-12 1 #urea: cOpt 1
2.5110355000e-05 1.00e+00 1.00e-12 1 #urea: cOpt 1
2.9746937500e-04 1.00e+00 1.00e-12 1 #urea: cOpt 1
5.0611677000e-05 1.00e+00 1.00e-12 1 #urea: cOpt 1
1.7313691300e-04 1.00e+00 1.00e-12 1 #urea: cOpt 1
1.6042596800e-04 1.00e+00 1.00e-12 1 #urea: cOpt 1
2.3239172800e-04 1.00e+00 1.00e-12 1 #urea: cOpt 1
1.1385896000e-04 1.00e+00 1.00e-12 1 #urea: cOpt 1
5.2676404000e-05 1.00e+00 1.00e-12 1 #urea: cOpt 1
1.7573342400e-04 1.00e+00 1.00e-12 1 #urea: cOpt 1
7.6031269000e-05 1.00e+00 1.00e-12 1 #urea: cOpt 1
3.7187473200e-04 1.00e+00 1.00e-12 1 #urea: cOpt 1
3.0725600000e-05 1.00e+00 1.00e-12 1 #urea: cOpt 1
3.7009260600e-04 1.00e+00 1.00e-12 1 #urea: cOpt 1
9.3488969000e-05 1.00e+00 1.00e-12 1 #urea: cOpt 1
6.7233968500e-04 1.00e+00 1.00e-12 1 #urea: cOpt 1
5.1621387400e-04 1.00e+00 1.00e-12 1 #urea: cOpt 1
1.0198848000e-05 1.00e+00 1.00e-12 1 #urea: cOpt 1
6.0540392900e-04 1.00e+00 1.00e-12 1 #urea: cOpt 1
3.9278039500e-04 1.00e+00 1.00e-12 1 #urea: cOpt 1
3.7244406900e-04 1.00e+00 1.00e-12 1 #urea: cOpt 1
2.8505362900e-04 1.00e+00 1.00e-12 1 #urea: cOpt 1
2.4112381600e-04 1.00e+00 1.00e-12 1 #urea: cOpt 1
3.6056419200e-04 1.00e+00 1.00e-12 1 #urea: cOpt 1
1.5984811300e-04 1.00e+00 1.00e-12 1 #urea: cOpt 1
1.1827083000e-04 1.00e+00 1.00e-12 1 #urea: cOpt 1
1.7492829000e-04 1.00e+00 1.00e-12 1 #urea: cOpt 1
7.3501576000e-05 1.00e+00 1.00e-12 1 #urea: cOpt 1
5.4743304000e-05 1.00e+00 1.00e-12 1 #urea: cOpt 1
5.3306547000e-05 1.00e+00 1.00e-12 1 #urea: cOpt 1
2.2028791100e-04 1.00e+00 1.00e-12 1 #urea: cOpt 1
1.0056960300e-04 1.00e+00 1.00e-12 1 #urea: cOpt 1
7.6797310000e-06 1.00e+00 1.00e-12 1 #urea: cOpt 1
6.1761891300e-04 1.00e+00 1.00e-12 1 #urea: cOpt 1
8.5660078000e-05 1.00e+00 1.00e-12 1 #urea: cOpt 1
2.0571825100e-04 1.00e+00 1.00e-12 1 #urea: cOpt 1
1.2907970800e-04 1.00e+00 1.00e-12 1 #urea: cOpt 1
2.4479644000e-05 1.00e+00 1.00e-12 1 #urea: cOpt 1
1.2418273800e-04 1.00e+00 1.00e-12 1 #urea: cOpt 1
1.0049631390e-03 1.00e+00 1.00e-12 1 #urea: cOpt 1
1.4986123100e-04 1.00e+00 1.00e-12 1 #urea: cOpt 1
1.2548370880e-03 1.00e+00 1.00e-12 1 #urea: cOpt 1
1.0835279000e-05 1.00e+00 1.00e-12 1 #urea: cOpt 1
5.9379320000e-06 1.00e+00 1.00e-12 1 #urea: cOpt 1
9.9962471000e-05 1.00e+00 1.00e-12 1 #urea: cOpt 1
2.4053978400e-04 1.00e+00 1.00e-12 1 #urea: cOpt 1
6.1686870100e-04 1.00e+00 1.00e-12 1 #urea: cOpt 1
1.1132186800e-04 1.00e+00 1.00e-12 1 #urea: cOpt 1
2.7633268800e-04 1.00e+00 1.00e-12 1 #urea: cOpt 1
9.2539047000e-05 1.00e+00 1.00e-12 1 #urea: cOpt 1
1.8221127000e-05 1.00e+00 1.00e-12 1 #urea: cOpt 1
3.5320017000e-05 1.00e+00 1.00e-12 1 #urea: cOpt 1
2.3785690000e-05 1.00e+00 1.00e-12 1 #urea: cOpt 1
4.5871428800e-04 1.00e+00 1.00e-12 1 #urea: cOpt 1
1.4989550300e-04 1.00e+00 1.00e-12 1 #urea: cOpt 1
2.1658543300e-04 1.00e+00 1.00e-12 1 #urea: cOpt 1
2.6925816200e-04 1.00e+00 1.00e-12 1 #urea: cOpt 1
1.6332822600e-04 1.00e+00 1.00e-12 1 #urea: cOpt 1
1.2214248500e-04 1.00e+00 1.00e-12 1 #urea: cOpt 1
3.9865688000e-05 1.00e+00 1.00e-12 1 #urea: cOpt 1
2.9963492000e-05 1.00e+00 1.00e-12 1 #urea: cOpt 1
2.4501521700e-04 1.00e+00 1.00e-12 1 #urea: cOpt 1
3.9373396000e-05 1.00e+00 1.00e-12 1 #urea: cOpt 1
1.5480039400e-04 1.00e+00 1.00e-12 1 #urea: cOpt 1
7.1844552600e-04 1.00e+00 1.00e-12 1 #urea: cOpt 1
6.4488839900e-04 1.00e+00 1.00e-12 1 #urea: cOpt 1
5.4974238900e-04 1.00e+00 1.00e-12 1 #urea: cOpt 1
4.6832484000e-05 1.00e+00 1.00e-12 1 #urea: cOpt 1
1.1931087300e-04 1.00e+00 1.00e-12 1 #urea: cOpt 1
3.9984540000e-05 1.00e+00 1.00e-12 1 #urea: cOpt 1
1.0721729000e-05 1.00e+00 1.00e-12 1 #urea: cOpt 1
5.7157873800e-04 1.00e+00 1.00e-12 1 #urea: cOpt 1
4.6768703000e-05 1.00e+00 1.00e-12 1 #urea: cOpt 1
1.3558961200e-04 1.00e+00 1.00e-12 1 #urea: cOpt 1
5.2900045100e-04 1.00e+00 1.00e-12 1 #urea: cOpt 1
1.2077283700e-04 1.00e+00 1.00e-12 1 #urea: cOpt 1
4.9610619000e-05 1.00e+00 1.00e-12 1 #urea: cOpt 1
2.2242650600e-04 1.00e+00 1.00e-12 1 #urea: cOpt 1
1.3763511300e-04 1.00e+00 1.00e-12 1 #urea: cOpt 1
2.5124302400e-04 1.00e+00 1.00e-12 1 #urea: cOpt 1
6.1752034000e-05 1.00e+00 1.00e-12 1 #urea: cOpt 1
4.7372183400e-04 1.00e+00 1.00e-12 1 #urea: cOpt 1
7.3095833300e-04 1.00e+00 1.00e-12 1 #urea: cOpt 1
1.8365457200e-04 1.00e+00 1.00e-12 1 #urea: cOpt 1
1.4310860200e-04 1.00e+00 1.00e-12 1 #urea: cOpt 1
3.4604927500e-04 1.00e+00 1.00e-12 1 #urea: cOpt 1
2.5546406000e-05 1.00e+00 1.00e-12 1 #urea: cOpt 1
8.5298283000e-05 1.00e+00 1.00e-12 1 #urea: cOpt 1
5.8727653000e-05 1.00e+00 1.00e-12 1 #urea: cOpt 1
2.9921612400e-04 1.00e+00 1.00e-12 1 #urea: cOpt 1
8.5223871600e-04 1.00e+00 1.00e-12 1 #urea: cOpt 1
5.6887342000e-05 1.00e+00 1.00e-12 1 #urea: cOpt 1
2.3745905700e-04 1.00e+00 1.00e-12 1 #urea: cOpt 1
3.6657577000e-05 1.00e+00 1.00e-12 1 #urea: cOpt 1
3.7348010500e-04 1.00e+00 1.00e-12 1 #urea: cOpt 1
3.4770876500e-04 1.00e+00 1.00e-12 1 #urea: cOpt 1
9.4626109600e-04 1.00e+00 1.00e-12 1 #urea: cOpt 1
2.6719447800e-04 1.00e+00 1.00e-12 1 #urea: cOpt 1
1.8393215000e-05 1.00e+00 1.00e-12 1 #urea: cOpt 1
1.8568605800e-04 1.00e+00 1.00e-12 1 #urea: cOpt 1
6.8766180200e-04 1.00e+00 1.00e-12 1 #urea: cOpt 1
3.4982526000e-05 1.00e+00 1.00e-12 1 #urea: cOpt 1
3.1356119100e-04 1.00e+00 1.00e-12 1 #urea: cOpt 1
3.9136890000e-06 1.00e+00 1.00e-12 1 #urea: cOpt 1
4.1094181300e-04 1.00e+00 1.00e-12 1 #urea: cOpt 1
1.5172559900e-04 1.00e+00 1.00e-12 1 #urea: cOpt 1
5.9071640000e-05 1.00e+00 1.00e-12 1 #urea: cOpt 1
4.2112397300e-04 1.00e+00 1.00e-12 1 #urea: cOpt 1
3.6270669000e-04 1.00e+00 1.00e-12 1 #urea: cOpt 1
3.4451734600e-04 1.00e+00 1.00e-12 1 #urea: cOpt 1
2.9463099000e-04 1.00e+00 1.00e-12 1 #urea: cOpt 1
6.2893511100e-04 1.00e+00 1.00e-12 1 #urea: cOpt 1
5.6647772200e-04 1.00e+00 1.00e-12 1 #urea: cOpt 1
4.8856319000e-05 1.00e+00 1.00e-12 1 #urea: cOpt 1
4.9288440000e-04 1.00e+00 1.00e-12 1 #urea: cOpt 1
1.8283711800e-04 1.00e+00 1.00e-12 1 #urea: cOpt 1
4.5239595500e-04 1.00e+00 1.00e-12 1 #urea: cOpt 1
2.2447706600e-04 1.00e+00 1.00e-12 1 #urea: cOpt 1
1.5142736700e-04 1.00e+00 1.00e-12 1 #urea: cOpt 1
1.0554584290e-03 1.00e+00 1.00e-12 1 #urea: cOpt 1
3.0189395400e-04 1.00e+00 1.00e-12 1 #urea: cOpt 1
3.6717583600e-04 1.00e+00 1.00e-12 1 #urea: cOpt 1
8.0817428800e-04 1.00e+00 1.00e-12 1 #urea: cOpt 1
1.0606490890e-03 1.00e+00 1.00e-12 1 #urea: cOpt 1
3.3195798400e-04 1.00e+00 1.00e-12 1 #urea: cOpt 1
4.4703856000e-05 1.00e+00 1.00e-12 1 #urea: cOpt 1
9.1942611000e-05 1.00e+00 1.00e-12 1 #urea: cOpt 1
9.6503229000e-05 1.00e+00 1.00e-12 1 #urea: cOpt 1
2.1179301400e-04 1.00e+00 1.00e-12 1 #urea: cOpt 1
5.0459994600e-04 1.00e+00 1.00e-12 1 #urea: cOpt 1
4.5844300000e-05 1.00e+00 1.00e-12 1 #urea: cOpt 1
2.3440524800e-04 1.00e+00 1.00e-12 1 #urea: cOpt 1
1.7118156600e-03 1.00e+00 1.00e-12 1 #urea: cOpt 1
4.4758976900e-04 1.00e+00 1.00e-12 1 #urea: cOpt 1
4.0537300500e-04 1.00e+00 1.00e-12 1 #urea: cOpt 1
7.5165553400e-04 1.00e+00 1.00e-12 1 #urea: cOpt 1
1.4989865820e-03 1.00e+00 1.00e-12 1 #urea: cOpt 1
2.3006564900e-04 1.00e+00 1.00e-12 1 #urea: cOpt 1
3.2935498500e-04 1.00e+00 1.00e-12 1 #urea: cOpt 1
1.7121081200e-04 1.00e+00 1.00e-12 1 #urea: cOpt 1
8.9327805000e-05 1.00e+00 1.00e-12 1 #urea: cOpt 1
1.3766455000e-05 1.00e+00 1.00e-12 1 #urea: cOpt 1
1.8942058300e-04 1.00e+00 1.00e-12 1 #urea: cOpt 1
1.0700760800e-04 1.00e+00 1.00e-12 1 #urea: cOpt 1
1.5418771600e-04 1.00e+00 1.00e-12 1 #urea: cOpt 1
1.3562501800e-04 1.00e+00 1.00e-12 1 #urea: cOpt 1
1.1576069130e-03 1.00e+00 1.00e-12 1 #urea: cOpt 1
8.2455488000e-05 1.00e+00 1.00e-12 1 #urea: cOpt 1
1.3217019700e-04 1.00e+00 1.00e-12 1 #urea: cOpt 1
9.0220387000e-05 1.00e+00 1.00e-12 1 #urea: cOpt 1
1.6974972900e-04 1.00e+00 1.00e-12 1 #urea: cOpt 1
2.7867803900e-04 1.00e+00 1.00e-12 1 #urea: cOpt 1
1.0539064000e-04 1.00e+00 1.00e-12 1 #urea: cOpt 1
4.1756756500e-04 1.00e+00 1.00e-12 1 #urea: cOpt 1
8.7927076200e-04 1.00e+00 1.00e-12 1 #urea: cOpt 1
1.0149917190e-03 1.00e+00 1.00e-12 1 #urea: cOpt 1
3.2520660000e-04 1.00e+00 1.00e-12 1 #urea: cOpt 1
1.7207444100e-04 1.00e+00 1.00e-12 1 #urea: cOpt 1
4.9391133000e-05 1.00e+00 1.00e-12 1 #urea: cOpt 1
3.3092941600e-04 1.00e+00 1.00e-12 1 #urea: cOpt 1
8.8889429000e-05 1.00e+00 1.00e-12 1 #urea: cOpt 1
1.7594942400e-04 1.00e+00 1.00e-12 1 #urea: cOpt 1
8.3500063000e-05 1.00e+00 1.00e-12 1 #urea: cOpt 1
4.9529197100e-04 1.00e+00 1.00e-12 1 #urea: cOpt 1
3.1446508000e-05 1.00e+00 1.00e-12 1 #urea: cOpt 1
3.4080671000e-04 1.00e+00 1.00e-12 1 #urea: cOpt 1
3.1923037500e-04 1.00e+00 1.00e-12 1 #urea: cOpt 1
7.0161937900e-04 1.00e+00 1.00e-12 1 #urea: cOpt 1
1.1251754800e-04 1.00e+00 1.00e-12 1 #urea: cOpt 1
3.9530811000e-05 1.00e+00 1.00e-12 1 #urea: cOpt 1
4.4016211000e-05 1.00e+00 1.00e-12 1 #urea: cOpt 1
3.8023179100e-04 1.00e+00 1.00e-12 1 #urea: cOpt 1
2.9020811000e-05 1.00e+00 1.00e-12 1 #urea: cOpt 1
4.5876276300e-04 1.00e+00 1.00e-12 1 #urea: cOpt 1
2.1833170400e-04 1.00e+00 1.00e-12 1 #urea: cOpt 1
3.5658724400e-04 1.00e+00 1.00e-12 1 #urea: cOpt 1
2.0248622300e-04 1.00e+00 1.00e-12 1 #urea: cOpt 1
4.2951636800e-04 1.00e+00 1.00e-12 1 #urea: cOpt 1
1.9026872600e-04 1.00e+00 1.00e-12 1 #urea: cOpt 1
3.6470431800e-04 1.00e+00 1.00e-12 1 #urea: cOpt 1
6.1264769000e-05 1.00e+00 1.00e-12 1 #urea: cOpt 1
4.3594317000e-05 1.00e+00 1.00e-12 1 #urea: cOpt 1
1.6531919600e-04 1.00e+00 1.00e-12 1 #urea: cOpt 1
3.7840684000e-05 1.00e+00 1.00e-12 1 #urea: cOpt 1
5.2614478000e-05 1.00e+00 1.00e-12 1 #urea: cOpt 1
6.2747507000e-05 1.00e+00 1.00e-12 1 #urea: cOpt 1
5.4920588700e-04 1.00e+00 1.00e-12 1 #urea: cOpt 1
1.0555911000e-05 1.00e+00 1.00e-12 1 #urea: cOpt 1
1.3204566080e-03 1.00e+00 1.00e-12 1 #urea: cOpt 1
2.8466765000e-05 1.00e+00 1.00e-12 1 #urea: cOpt 1
1.3989866190e-03 1.00e+00 1.00e-12 1 #urea: cOpt 1
5.1797165100e-04 1.00e+00 1.00e-12 1 #urea: cOpt 1
4.6420590000e-05 1.00e+00 1.00e-12 1 #urea: cOpt 1
2.3858521000e-05 1.00e+00 1.00e-12 1 #urea: cOpt 1
1.2742943900e-04 1.00e+00 1.00e-12 1 #urea: cOpt 1
4.1876841400e-04 1.00e+00 1.00e-12 1 #urea: cOpt 1
8.2133300000e-06 1.00e+00 1.00e-12 1 #urea: cOpt 1
4.0534352400e-04 1.00e+00 1.00e-12 1 #urea: cOpt 1
7.0049061000e-05 1.00e+00 1.00e-12 1 #urea: cOpt 1
1.2216892510e-03 1.00e+00 1.00e-12 1 #urea: cOpt 1
1.3037887100e-04 1.00e+00 1.00e-12 1 #urea: cOpt 1
4.9916523400e-04 1.00e+00 1.00e-12 1 #urea: cOpt 1
4.0103306000e-05 1.00e+00 1.00e-12 1 #urea: cOpt 1
1.8051551600e-04 1.00e+00 1.00e-12 1 #urea: cOpt 1
2.4274957000e-05 1.00e+00 1.00e-12 1 #urea: cOpt 1
2.8682258300e-04 1.00e+00 1.00e-12 1 #urea: cOpt 1
3.0734103900e-04 1.00e+00 1.00e-12 1 #urea: cOpt 1
1.3228795800e-04 1.00e+00 1.00e-12 1 #urea: cOpt 1
7.0921824800e-04 1.00e+00 1.00e-12 1 #urea: cOpt 1
2.3597832000e-05 1.00e+00 1.00e-12 1 #urea: cOpt 1
1.3452355800e-04 1.00e+00 1.00e-12 1 #urea: cOpt 1
2.2916575500e-04 1.00e+00 1.00e-12 1 #urea: cOpt 1
3.4441024400e-04 1.00e+00 1.00e-12 1 #urea: cOpt 1
2.0174701000e-05 1.00e+00 1.00e-12 1 #urea: cOpt 1
5.5221318800e-04 1.00e+00 1.00e-12 1 #urea: cOpt 1
1.4965834500e-04 1.00e+00 1.00e-12 1 #urea: cOpt 1
2.5329711200e-04 1.00e+00 1.00e-12 1 #urea: cOpt 1
7.5420724000e-05 1.00e+00 1.00e-12 1 #urea: cOpt 1
3.1401883800e-04 1.00e+00 1.00e-12 1 #urea: cOpt 1
1.9357394000e-05 1.00e+00 1.00e-12 1 #urea: cOpt 1
5.6690334100e-04 1.00e+00 1.00e-12 1 #urea: cOpt 1
1.2333708200e-04 1.00e+00 1.00e-12 1 #urea: cOpt 1
5.2444518300e-04 1.00e+00 1.00e-12 1 #urea: cOpt 1
3.2673563800e-04 1.00e+00 1.00e-12 1 #urea: cOpt 1
1.8666649000e-04 1.00e+00 1.00e-12 1 #urea: cOpt 1
1.2803930300e-04 1.00e+00 1.00e-12 1 #urea: cOpt 1
8.4100157000e-05 1.00e+00 1.00e-12 1 #urea: cOpt 1
8.8182314900e-04 1.00e+00 1.00e-12 1 #urea: cOpt 1
5.5230295300e-04 1.00e+00 1.00e-12 1 #urea: cOpt 1
5.9219167000e-04 1.00e+00 1.00e-12 1 #urea: cOpt 1
1.1698874500e-04 1.00e+00 1.00e-12 1 #urea: cOpt 1
9.7294101000e-05 1.00e+00 1.00e-12 1 #urea: cOpt 1
9.1598875000e-05 1.00e+00 1.00e-12 1 #urea: cOpt 1
3.1309297100e-04 1.00e+00 1.00e-12 1 #urea: cOpt 1
4.6658507000e-05 1.00e+00 1.00e-12 1 #urea: cOpt 1
1.0562201400e-03 1.00e+00 1.00e-12 1 #urea: cOpt 1
4.2102458100e-04 1.00e+00 1.00e-12 1 #urea: cOpt 1
2.0244116000e-04 1.00e+00 1.00e-12 1 #urea: cOpt 1
6.0563039000e-05 1.00e+00 1.00e-12 1 #urea: cOpt 1
2.8875231600e-04 1.00e+00 1.00e-12 1 #urea: cOpt 1
1.4012635700e-04 1.00e+00 1.00e-12 1 #urea: cOpt 1
2.6142336800e-04 1.00e+00 1.00e-12 1 #urea: cOpt 1
4.0211755700e-04 1.00e+00 1.00e-12 1 #urea: cOpt 1
3.6763721000e-05 1.00e+00 1.00e-12 1 #urea: cOpt 1
1.8194359400e-04 1.00e+00 1.00e-12 1 #urea: cOpt 1
9.0776977900e-04 1.00e+00 1.00e-12 1 #urea: cOpt 1
1.0214239630e-03 1.00e+00 1.00e-12 1 #urea: cOpt 1
3.4164544500e-04 1.00e+00 1.00e-12 1 #urea: cOpt 1
3.6044835400e-04 1.00e+00 1.00e-12 1 #urea: cOpt 1
2.0705077500e-04 1.00e+00 1.00e-12 1 #urea: cOpt 1
1.2523362900e-04 1.00e+00 1.00e-12 1 #urea: cOpt 1
3.0931324600e-04 1.00e+00 1.00e-12 1 #urea: cOpt 1
3.3555824800e-04 1.00e+00 1.00e-12 1 #urea: cOpt 1
3.4851688000e-05 1.00e+00 1.00e-12 1 #urea: cOpt 1
7.4512978400e-04 1.00e+00 1.00e-12 1 #urea: cOpt 1
3.2650676300e-04 1.00e+00 1.00e-12 1 #urea: cOpt 1
3.0100575700e-04 1.00e+00 1.00e-12 1 #urea: cOpt 1
6.8374420000e-06 1.00e+00 1.00e-12 1 #urea: cOpt 1
3.4296146000e-05 1.00e+00 1.00e-12 1 #urea: cOpt 1
2.2565131000e-05 1.00e+00 1.00e-12 1 #urea: cOpt 1
2.3347487800e-04 1.00e+00 1.00e-12 1 #urea: cOpt 1
4.5380784900e-04 1.00e+00 1.00e-12 1 #urea: cOpt 1
2.8344388600e-04 1.00e+00 1.00e-12 1 #urea: cOpt 1
9.9614653000e-05 1.00e+00 1.00e-12 1 #urea: cOpt 1
1.9193836300e-04 1.00e+00 1.00e-12 1 #urea: cOpt 1
3.7999753600e-04 1.00e+00 1.00e-12 1 #urea: cOpt 1
1.2996590400e-04 1.00e+00 1.00e-12 1 #urea: cOpt 1
1.7704328300e-04 1.00e+00 1.00e-12 1 #urea: cOpt 1
5.4585023000e-05 1.00e+00 1.00e-12 1 #urea: cOpt 1
9.8407063000e-05 1.00e+00 1.00e-12 1 #urea: cOpt 1
8.2125274600e-04 1.00e+00 1.00e-12 1 #urea: cOpt 1
2.1562393600e-04 1.00e+00 1.00e-12 1 #urea: cOpt 1
4.4651006000e-05 1.00e+00 1.00e-12 1 #urea: cOpt 1
1.4778106700e-04 1.00e+00 1.00e-12 1 #urea: cOpt 1
2.5702823600e-04 1.00e+00 1.00e-12 1 #urea: cOpt 1
1.8859270600e-04 1.00e+00 1.00e-12 1 #urea: cOpt 1
2.5717044600e-04 1.00e+00 1.00e-12 1 #urea: cOpt 1
4.6535552300e-04 1.00e+00 1.00e-12 1 #urea: cOpt 1
1.3775316600e-04 1.00e+00 1.00e-12 1 #urea: cOpt 1
1.0261815300e-04 1.00e+00 1.00e-12 1 #urea: cOpt 1
7.0768017600e-04 1.00e+00 1.00e-12 1 #urea: cOpt 1
1.2213011700e-04 1.00e+00 1.00e-12 1 #urea: cOpt 1
5.5813094300e-04 1.00e+00 1.00e-12 1 #urea: cOpt 1
5.6753776000e-04 1.00e+00 1.00e-12 1 #urea: cOpt 1
4.7481420900e-04 1.00e+00 1.00e-12 1 #urea: cOpt 1
1.9627253600e-04 1.00e+00 1.00e-12 1 #urea: cOpt 1
3.8650305700e-04 1.00e+00 1.00e-12 1 #urea: cOpt 1
2.1787360300e-04 1.00e+00 1.00e-12 1 #urea: cOpt 1
5.7459870800e-04 1.00e+00 1.00e-12 1 #urea: cOpt 1
1.0600506040e-03 1.00e+00 1.00e-12 1 #urea: cOpt 1
5.0071023900e-04 1.00e+00 1.00e-12 1 #urea: cOpt 1
2.1502282200e-04 1.00e+00 1.00e-12 1 #urea: cOpt 1
9.6574616000e-05 1.00e+00 1.00e-12 1 #urea: cOpt 1
4.4001910000e-06 1.00e+00 1.00e-12 1 #urea: cOpt 1
3.9036742900e-04 1.00e+00 1.00e-12 1 #urea: cOpt 1
7.1393722000e-05 1.00e+00 1.00e-12 1 #urea: cOpt 1
7.3842688700e-04 1.00e+00 1.00e-12 1 #urea: cOpt 1
6.2673093900e-04 1.00e+00 1.00e-12 1 #urea: cOpt 1
4.7422181800e-04 1.00e+00 1.00e-12 1 #urea: cOpt 1
2.4177798500e-04 1.00e+00 1.00e-12 1 #urea: cOpt 1
1.2299225320e-03 1.00e+00 1.00e-12 1 #urea: cOpt 1
1.2263410930e-03 1.00e+00 1.00e-12 1 #urea: cOpt 1
7.1524818500e-04 1.00e+00 1.00e-12 1 #urea: cOpt 1
7.5192840100e-04 1.00e+00 1.00e-12 1 #urea: cOpt 1
4.7032088700e-04 1.00e+00 1.00e-12 1 #urea: cOpt 1
1.0238743900e-03 1.00e+00 1.00e-12 1 #urea: cOpt 1
4.3827352000e-05 1.00e+00 1.00e-12 1 #urea: cOpt 1
9.2494709500e-04 1.00e+00 1.00e-12 1 #urea: cOpt 1
3.7004965500e-04 1.00e+00 1.00e-12 1 #urea: cOpt 1
3.4684245900e-04 1.00e+00 1.00e-12 1 #urea: cOpt 1
1.8050697100e-04 1.00e+00 1.00e-12 1 #urea: cOpt 1
5.3766564500e-04 1.00e+00 1.00e-12 1 #urea: cOpt 1
1.3838679300e-04 1.00e+00 1.00e-12 1 #urea: cOpt 1
3.0418047000e-05 1.00e+00 1.00e-12 1 #urea: cOpt 1
6.1420358000e-05 1.00e+00 1.00e-12 1 #urea: cOpt 1
7.4844560800e-04 1.00e+00 1.00e-12 1 #urea: cOpt 1
4.7216303800e-04 1.00e+00 1.00e-12 1 #urea: cOpt 1
4.5667738900e-04 1.00e+00 1.00e-12 1 #urea: cOpt 1
7.8047314100e-04 1.00e+00 1.00e-12 1 #urea: cOpt 1
3.0628520300e-04 1.00e+00 1.00e-12 1 #urea: cOpt 1
1.0096214550e-03 1.00e+00 1.00e-12 1 #urea: cOpt 1
2.5762431470e-03 1.00e+00 1.00e-12 1 #urea: cOpt 1
1.2660446200e-04 1.00e+00 1.00e-12 1 #urea: cOpt 1
